@Right_1
-0.643882810098308
-1.45595077972702
-0.672113684291454
-1.26974636652709
-0.71594779529251
-0.682644738226053
0.682229176063175
-0.730514542900222
0.677467621404262
-1.33015498536266
0.648611771068803
-1.51533362529733
~
-0.64251865467742
-1.4569754879091
-0.671680944636959
-1.27000701953558
-0.715210815188544
-0.682960622332931
0.682522678273105
-0.731049103124533
0.680656260019416
-1.32921892393443
0.656285226704212
-1.5121047402461
~
-0.640478900195365
-1.45728821933624
-0.670500417767167
-1.27000741689682
-0.714118606440474
-0.683070868925511
0.681847856860203
-0.731161788660235
0.680993186833749
-1.32881150463782
0.656788055341297
-1.51052162231673
~
-0.639985598291719
-1.45871717845651
-0.669901470298159
-1.27220469596091
-0.713730516605492
-0.684033440010516
0.682111467149368
-0.731749047798917
0.681761400912688
-1.33026346172678
0.658414183415914
-1.51012832466764
~
-0.637975624631915
-1.45831359913969
-0.669349284116165
-1.27129337153814
-0.713220153892339
-0.683578312645884
0.68114529238717
-0.732734331548062
0.680949427304796
-1.3307008465163
0.658144405347017
-1.50864968484522
~
-0.636604991124701
-1.45852680506405
-0.66897404522137
-1.27139227042499
-0.712502627618904
-0.683627582766634
0.680890625203969
-0.733381808788753
0.680180097923321
-1.33253464367742
0.657040544359525
-1.51022213278397
~
-0.635728353242441
-1.46004823378741
-0.669270853358549
-1.2719553727174
-0.712404468802872
-0.681952816179448
0.682240845234759
-0.73320785015272
0.681925115471627
-1.33677497552476
0.657067259321912
-1.51478091684318
~
-0.639315159734552
-1.46571480648463
-0.67390154567482
-1.27636588485409
-0.715834484184467
-0.685975413664929
0.682871974843163
-0.737036036840847
0.681983148055716
-1.34280634212263
0.658186707904668
-1.52247964745521
~
-0.638509249420852
-1.46617217243858
-0.67369919495878
-1.2763846459039
-0.714466327053146
-0.687312749187217
0.683741286538254
-0.7370089881351
0.682595329596512
-1.34355600354927
0.659458727122125
-1.52283407579782
~
-0.635649594865491
-1.46285502244835
-0.670265805371274
-1.27454779279991
-0.711072196517527
-0.686785167492206
0.683375101204433
-0.735029311151932
0.682609114435861
-1.33936815401379
0.661390304239377
-1.51682014183405
~
-0.63597955378681
-1.45959322945487
-0.670058555330052
-1.27398539738639
-0.710729643711434
-0.685283374045176
0.68340939738344
-0.734540381223413
0.681990887981214
-1.33925683030818
0.661936506003153
-1.51472723353
~
-0.635389999101973
-1.45569622921731
-0.668858541983697
-1.27361395797778
-0.71037296735961
-0.685183591126922
0.688597243702002
-0.719573693356829
0.66200390933754
-1.2496564108917
0.615823715265619
-1.46127420556553
~
-0.633448580441323
-1.45234330528205
-0.66712138398247
-1.2698434885606
-0.708755438425037
-0.682824057074912
0.695564303619442
-0.64385330247766
0.574955417414249
-1.04338507060177
0.490602182877618
-1.18591552317966
~
-0.639025119293198
-1.46255791478244
-0.672052538238646
-1.28142129050597
-0.713707544650946
-0.689759684400969
0.722492398700318
-0.57128928507174
0.493265756952387
-0.777853972021598
0.42335727669183
-0.867619408719668
~
-0.64298592153429
-1.46713608148065
-0.676658636046959
-1.28463577935583
-0.718888815149496
-0.688915096506343
0.776568136004501
-0.536287612407706
0.472632428188838
-0.521237654588853
0.484531382458666
-0.566967893386293
~
-0.647818479682638
-1.46836007218632
-0.680766924076425
-1.2880836053423
-0.722983269129669
-0.68947792542243
0.81123714858814
-0.482807037530486
0.429633778095623
-0.162077689825399
0.404122607493836
-0.121722353439408
~
-0.671299432666476
-1.53329039025827
-0.710912923785391
-1.29580914067643
-0.749218897710068
-0.703083552613437
0.941968725967126
-0.402284825325469
0.686907789922519
0.177004994061035
0.600023476917869
0.334856360528456
~
-0.675561238612323
-1.53095158820927
-0.712374049896716
-1.31284834953966
-0.758134336305549
-0.696362018355797
1.04976484290228
-0.242141360740262
1.00468522126858
0.300567608753809
0.935898860945786
0.566439403350063
~
-0.669243044544076
-1.52878392666623
-0.704567625162588
-1.31555387435029
-0.753760510426776
-0.697032590567545
1.09921192560456
-0.160792805682967
1.3417043738003
0.521248214265125
1.38201848204265
0.713078844434682
~
-0.649948005068708
-1.5064798817238
-0.687866437620378
-1.30009217592522
-0.737543895324862
-0.696341629756094
1.20638671099052
-0.0373469148094402
1.82064962900441
0.425114381374774
1.94983387011503
0.566957857576643
~
-0.651305492016301
-1.4889293128164
-0.683704043243559
-1.29600484266569
-0.735489005352051
-0.689356736377534
1.20967433129599
-0.0238222560396765
1.77771998464973
0.187098473166064
2.06799360868231
0.380649369091194
~
-0.658964403394977
-1.47969798981237
-0.687934075246019
-1.2927648938877
-0.732319849232802
-0.689898854996629
1.21034531577082
-0.039067146379515
1.76960649623171
0.15034375914904
2.0036473510324
0.24929620035607
~
-0.672575020477027
-1.47664870431613
-0.696490560498428
-1.29452931544572
-0.732985426888677
-0.694732344167822
1.20681226921687
-0.0635550670705223
1.7694808951459
0.112841580404761
1.99922590218424
0.21892892217322
~
-0.679803121725434
-1.47820693233678
-0.709145887014148
-1.2754373308982
-0.735726819463261
-0.695897063356244
1.20703096011202
-0.0836693619370851
1.7704478494967
0.0825096492935757
1.99768941884967
0.194374344668698
~
-0.686146789109306
-1.4759282695905
-0.71404157379978
-1.27786999384672
-0.737640188030742
-0.694357221991206
1.20520791776047
-0.0958456401984491
1.77503441929029
0.0440063741859549
1.99950394448236
0.160590479782281
~
-0.686893208804129
-1.47376835866769
-0.716506749349151
-1.27710669913387
-0.737554864591287
-0.694277859447029
1.19963703987121
-0.108269758629106
1.77634602332233
6.18862585986817E-05
1.99566366691455
0.124415807727122
~
-0.683002409259902
-1.47446272659753
-0.70891114474056
-1.28270268398625
-0.741224553834987
-0.692636278349563
1.19580537171129
-0.117203455715758
1.76934585194332
0.0016702690531464
1.9881943753271
0.126615210039151
~
-0.67675913136224
-1.4742013220607
-0.707221977009511
-1.26112325965571
-0.742773484084052
-0.691543328435884
1.19513290185715
-0.12126697100161
1.76546728233352
0.00479475001701738
1.98371134170586
0.131324184234176
~
-0.669053350518276
-1.46823724512136
-0.704554454309477
-1.25594234052473
-0.742171458424261
-0.688925167151498
1.19239348617738
-0.125123304819602
1.76164358218644
0.00252067558112899
1.98199278809973
0.125930416478461
~
-0.660256512178872
-1.47046708818779
-0.694661817056348
-1.27040015903335
-0.73971379548036
-0.689106629863005
1.1910979320345
-0.12824384431748
1.75761434553683
0.00709182095737212
1.9789020580553
0.131584139736705
~
-0.657175135330121
-1.46973905900586
-0.687043968243355
-1.27552920488675
-0.735814244872389
-0.68916110611157
1.19223983435644
-0.132921979148106
1.75667546575107
0.00927640076416808
1.97765636648287
0.134466763828482
~
-0.659337068068014
-1.47149754280192
-0.684693900697756
-1.28031440638843
-0.731841328684744
-0.691541338336132
1.19131159780457
-0.141896658357304
1.75379698674333
0.00984829364201784
1.97653416859619
0.126222236653457
~
-0.658998603981981
-1.4767200964174
-0.685877727686995
-1.28603174362765
-0.731006101008205
-0.692941732595787
1.19229549365762
-0.14564774224578
1.75410173898618
0.00955072333899781
1.97811844369105
0.124317309878407
~
----
@Right_2
-0.592727928153011
-1.49814208473701
-0.614195962939705
-1.29604868152002
-0.688542214601533
-0.69047931545477
0.952190452581176
-0.218690938281603
0.22790315998954
0.0496717968011829
0.0532326635131128
0.114681450182052
~
-0.595726803725277
-1.50494294344719
-0.617287107269731
-1.30596999383378
-0.692184188048392
-0.696351647171134
0.953795143340772
-0.222500974853469
0.225842551237559
0.0482270885490014
0.0509915203197674
0.114833715137956
~
-0.595364656071964
-1.50782220246666
-0.619129747593441
-1.30960952048766
-0.692231983186862
-0.697510769370381
0.95379968388233
-0.223276869541819
0.226565605112546
0.0473513910226761
0.0507756587037991
0.114320072605551
~
-0.595375506273422
-1.50866116529999
-0.619188253893057
-1.31062859179036
-0.691671399564795
-0.697310846371266
0.952561671173836
-0.223055498620754
0.226714262431825
0.0476053923824923
0.0518788478422071
0.117639065130692
~
-0.594885990349116
-1.50870563286022
-0.618402648851672
-1.31039320416931
-0.690881283989611
-0.696179566879445
0.953582746125531
-0.218044811495442
0.228885192911707
0.048687664469276
0.0553079420202251
0.121821784636299
~
-0.594727040132412
-1.50065292776805
-0.618427187096612
-1.30160704062842
-0.690168732061419
-0.689427691504639
0.955037514029818
-0.202082456806919
0.230035421836931
0.0584515530693901
0.0580169584819818
0.133073201432168
~
-0.586742185554089
-1.4064656919656
-0.609605376434405
-1.21087066937873
-0.68152371721534
-0.602145079516241
1.00235041898667
-0.0901391228868107
0.276128035176311
0.165657364417207
0.106590006058236
0.240487804124889
~
-0.611019710134349
-1.43656170781199
-0.633731577084505
-1.2511947547827
-0.704066001149897
-0.65201356457215
0.999731183905904
-0.0662271506224079
0.52709180367805
0.265343370792405
0.283770696506154
0.370692103706757
~
-0.653318109507866
-1.52928183390443
-0.675517025551948
-1.33822642852884
-0.747266739647698
-0.712113359363134
1.03865646694732
-0.0333475407654471
0.669405521891519
0.313685458144729
0.568139997027726
0.37759060126754
~
-0.64597093376109
-1.51838981557969
-0.667330994556208
-1.32846666744839
-0.741464401933845
-0.699254636758783
1.07376009895173
0.0345244177392705
1.00478543374364
0.352130887003633
0.955079494184089
0.448576710331584
~
-0.635805774924358
-1.51388849649713
-0.65569376407237
-1.32662153005737
-0.733068571967549
-0.698686101404591
1.09920299628968
0.0744559929171833
1.27829785226731
0.311046195826106
1.30720039579836
0.452821234496684
~
-0.622765088797937
-1.49794618242271
-0.646326171257034
-1.29172023272319
-0.719875203067199
-0.696617043683141
1.12765711859853
0.108915207962922
1.65187877525519
0.340000050406455
1.79698661439956
0.43309969751678
~
-0.618113988333599
-1.49260994553981
-0.644772614897137
-1.29154437453464
-0.713874619619819
-0.699526734397539
1.17461466536405
0.134781817056678
1.73388516779531
0.237003367199181
2.0422160361681
0.309221893091585
~
-0.620192014623377
-1.49032794636916
-0.647208420791434
-1.28992305834705
-0.71008289003091
-0.699049616265307
1.16941436563919
0.131965951156155
1.74267873403375
0.215313029360303
2.02381531471542
0.267752751131247
~
-0.629913959983698
-1.4969296104989
-0.652774078364981
-1.29541397540598
-0.711017464602908
-0.695840767048509
1.16969831011262
0.123034402849417
1.75127611128043
0.2132888376826
2.0198953916735
0.252167135808261
~
-0.635149577420951
-1.49909107743369
-0.660408997826221
-1.29590022512734
-0.714298198841508
-0.692214192174571
1.16904646533958
0.120831979371325
1.75720790733058
0.202502503978034
2.01968225455577
0.245291445171202
~
-0.63501749222207
-1.49942975886034
-0.662549837813236
-1.29330770686089
-0.716826265540085
-0.688524132746542
1.17058139738143
0.116457190207721
1.75904183085951
0.198462731835454
2.02015937144717
0.243671111775008
~
-0.632673067016074
-1.49954302305906
-0.660857721936885
-1.29559129831746
-0.716925232115565
-0.688344327028314
1.16979954043492
0.111108659281719
1.72096476571223
0.179596870147903
2.01586833610247
0.238552002221293
~
-0.622374610788297
-1.49753788830581
-0.649020153193364
-1.29751123220678
-0.715318815625527
-0.688282491923572
1.16641915267621
0.106633381141287
1.73221720888793
0.176950400556734
2.00804702880076
0.233036756988215
~
-0.61017921586318
-1.49128754514291
-0.63755444300448
-1.30155641176514
-0.711124674996705
-0.693246481452577
1.1628213653883
0.10325331723602
1.73984903321376
0.176564219741222
2.000537459473
0.228856847877266
~
-0.606519440462027
-1.49093481494183
-0.631963755554408
-1.30311443325906
-0.710601434892856
-0.693030054072679
1.16147435062007
0.102473860602167
1.70597217614715
0.169510648066413
1.99470102238013
0.223096714830217
~
-0.604098805645957
-1.49011062533843
-0.629078527250562
-1.30372690692826
-0.70832868507485
-0.694029269337324
1.15988936853704
0.102029120559195
1.70077826016604
0.151863355968567
1.98750191024545
0.217015132542967
~
-0.603913299819134
-1.48996013782433
-0.629233152267186
-1.3033069889968
-0.707962637301083
-0.693532436542976
1.1589227790908
0.102610999473858
1.69988604191371
0.152604132733741
1.98375459392857
0.213088074730168
~
-0.603710773908337
-1.49076273434941
-0.636003175462511
-1.30172808771883
-0.709714060627148
-0.691307359214933
1.1583620272965
0.100693489910406
1.71425148176611
0.153072583449329
1.98112305369786
0.208806609110568
~
-0.609756684869701
-1.48557754346981
-0.636980466451298
-1.30131852083641
-0.712401312014896
-0.685095652615672
1.15753745805747
0.0977542476531658
1.71608736431015
0.152348597313032
1.97858804546082
0.20323008459843
~
-0.611994924775206
-1.47874321329804
-0.638953388934601
-1.29746943001942
-0.710779431767371
-0.68266225608265
1.15674632701833
0.0963597968663395
1.71421020247662
0.15097998394534
1.97638232485001
0.198353358551566
~
-0.612640376607002
-1.48121657822351
-0.640729338747161
-1.29829067649004
-0.7109951683325
-0.685595206178528
1.15747881117468
0.0937285341419881
1.71988165307887
0.148096438118651
1.9770267673777
0.191069670480671
~
-0.612774525359606
-1.48253805143923
-0.642148827115369
-1.29806133405178
-0.712540597057893
-0.685859804582445
1.15576380240304
0.0860412724183969
1.72230120513022
0.144511722379645
1.97686736820877
0.185829440624559
~
-0.609799916791589
-1.47973728235413
-0.647977224539985
-1.26998198009815
-0.710620850487092
-0.684892963078244
1.15542360254769
0.082955179768105
1.7204769210962
0.140499815576775
1.9750320865194
0.180059218909637
~
-0.611526690664133
-1.48155021039785
-0.652490964680751
-1.2621542193165
-0.712198035565136
-0.685948785144815
1.15940518391153
0.0777480370927305
1.72372358391773
0.136523138927845
1.97890908061682
0.177276014983824
~
-0.611178886906914
-1.48282491085191
-0.6498699989983
-1.27318918016388
-0.712612377214663
-0.687107636992581
1.16115302028827
0.0770047436789867
1.7242537609638
0.133847816962011
1.98063732672401
0.174732753688969
~
-0.611912253423773
-1.48392820177104
-0.649726048318708
-1.27729919114379
-0.715104143774021
-0.687564781760653
1.16027404155979
0.0761390494120403
1.72698970151377
0.135728843076761
1.98032583504219
0.174739265272126
~
-0.613126191998566
-1.48633020735987
-0.650451641596354
-1.28167001047913
-0.716786739130895
-0.687278798573151
1.15958306456012
0.0758132905423414
1.71342151633911
0.134920631275561
1.97868918956025
0.17481538372383
~
----
@Right_3
-0.643602925489538
-1.4458016574903
-0.68319118135263
-1.21480702232517
-0.742118725128466
-0.622140889236911
0.743257987934861
-0.483857718903163
0.331272865299008
-0.368306779803344
0.119479719377007
-0.23827605206667
~
-0.6466243217524
-1.4427865495404
-0.679631125386429
-1.23200399463718
-0.743719196059183
-0.61888820646177
0.744692826085364
-0.483954027412876
0.33087594787855
-0.367968032719284
0.121078352816289
-0.235694469180112
~
-0.649626995391989
-1.45109871583296
-0.682059254387677
-1.24196455153934
-0.745027886653299
-0.628576057743354
0.746337261781548
-0.484688897495716
0.254038544121814
-0.302874908307764
0.121540087372646
-0.23155638054094
~
-0.645977690364523
-1.45751236180393
-0.680362962714102
-1.23534358488904
-0.742074733305124
-0.629295316313373
0.747123677842032
-0.484607030315479
0.333042580368658
-0.320450803006653
0.125496531581323
-0.223897921633743
~
-0.640343939106253
-1.46085712162185
-0.666757779973688
-1.22311827111653
-0.735147787265297
-0.633582832002104
0.748181150462991
-0.488166937770879
0.342927072986761
-0.340850108320885
0.14962231729042
-0.220594641265243
~
-0.635440547829443
-1.4683896796172
-0.646809171549133
-1.24457512764388
-0.730886202504064
-0.642633888467066
0.74878098670743
-0.490978914357904
0.345387474309913
-0.344515729701428
0.165450705702093
-0.223505265787746
~
-0.633769675624192
-1.470711951458
-0.638331400812787
-1.27531941914809
-0.729126013793872
-0.647482683387694
0.752540296772539
-0.493003244942743
0.347386973089379
-0.346140895677464
0.165441331404247
-0.215103432494523
~
-0.638109632158838
-1.47285787420922
-0.665684797763737
-1.23609842872184
-0.729051699896815
-0.649606797306098
0.75412412624227
-0.490832700028109
0.339629665653534
-0.340742468237011
0.141565676904112
-0.18257768758197
~
-0.645043859778069
-1.47908646375897
-0.676556042752816
-1.26282936144978
-0.731701865247958
-0.652236877118034
0.757885308972094
-0.489880433414436
0.336487710124961
-0.337831956306428
0.129265354787938
-0.176045093771523
~
-0.64911764853714
-1.491964038888
-0.680216551366511
-1.27389615935824
-0.731488413806119
-0.673829668146035
0.772424842405829
-0.487707810466735
0.335688683662204
-0.33210824921149
0.114465780566004
-0.167287607108985
~
-0.647114174079994
-1.48845101339653
-0.675807785144436
-1.28948778623971
-0.726722327544094
-0.684444866887719
0.802236286769611
-0.453051231515148
0.357452268261148
-0.307967153444303
0.109010997279395
-0.115711259403876
~
-0.639630803032745
-1.4789314718633
-0.662284097929806
-1.29797807322052
-0.717278617562741
-0.686953272200733
0.831984723515157
-0.405838476368475
0.366062751015469
-0.0303326742352063
0.226005332462181
0.0961831232189267
~
-0.663655868330713
-1.54172882643301
-0.69590105540124
-1.28567415802184
-0.741304160063995
-0.716134403438731
0.90260394900577
-0.34998933043591
0.639438990176918
0.142328522531329
0.43787008422926
0.463841402697426
~
-0.688755966396575
-1.57576136412659
-0.705591782122037
-1.37889328071729
-0.774601903469988
-0.712772235538821
0.955085901833554
-0.257308411340364
0.930762535042077
0.324115360156745
0.843548079543646
0.657007958151263
~
-0.663749253663116
-1.53934415063383
-0.682212616048443
-1.3477051195739
-0.756091006798558
-0.692321541851347
1.02376285824529
-0.187353763142809
1.23306636489182
0.455142506738098
1.29708132085956
0.729050747610599
~
-0.651960745741568
-1.5157948263085
-0.672051744698024
-1.32459511864729
-0.748896509590473
-0.669984373123964
1.14328725523576
-0.194853259244917
1.54274286318608
0.392795290020515
1.63590916763048
0.627339750605142
~
-0.642007807124929
-1.49435174861589
-0.663976979364949
-1.31084949793445
-0.739245155342415
-0.661897605889736
1.13362900530887
-0.143382772019656
1.6241138728329
0.420070239749477
1.71998652158133
0.564289583461262
~
-0.642533950061669
-1.48621562132354
-0.666335559078304
-1.30390505939166
-0.736688824822646
-0.657104437801778
1.13176205986948
-0.14734821826846
1.63221343559482
0.310406907649401
1.73673490165676
0.480411384850081
~
-0.646883057340607
-1.49128351009281
-0.669912775248514
-1.30227818932814
-0.739175713996341
-0.653816594602023
1.12938107374024
-0.152736557163101
1.61557077238949
0.279746775151278
1.74164289310549
0.472864517723899
~
-0.647975246315674
-1.48860469873814
-0.673428408699721
-1.27800988689108
-0.739726047007133
-0.653889382542648
1.12714050102473
-0.158337988916869
1.60964836024924
0.266515074454776
1.74242992737706
0.463823871673676
~
-0.642553760235065
-1.48416179664359
-0.668102775737402
-1.26928535300337
-0.73802379770352
-0.653636088923724
1.12500763590399
-0.161190013932365
1.61388621445819
0.267323211022481
1.74235243701808
0.457418409966006
~
-0.625998740121764
-1.48417647464247
-0.658379504681388
-1.27692676557003
-0.73612144131508
-0.653922993727635
1.11855041228792
-0.167007412366835
1.61421457716215
0.264364473691075
1.73703278274367
0.448540699856872
~
-0.619559546921309
-1.48207010449239
-0.652122331608063
-1.26380050930103
-0.735068963577153
-0.652617642481316
1.10884367042908
-0.179550136916701
1.59527637934817
0.240867143159066
1.72776598667551
0.434415932652963
~
-0.616386286505515
-1.47001854143189
-0.646073643049894
-1.27139568124629
-0.73237931176494
-0.653211208124397
1.10524309502668
-0.187457883808386
1.5837590386429
0.215620637094213
1.725936190577
0.418483291300339
~
-0.617428877975014
-1.46949532166731
-0.647893585115525
-1.25846865995016
-0.730062764676193
-0.651848699249621
1.10129702230198
-0.191005940456617
1.57788553481375
0.205380315421063
1.72107630915405
0.403450448083634
~
-0.619348922768697
-1.47206481526444
-0.65431502802868
-1.26201598005724
-0.72763689684263
-0.651050021849559
1.09949387231898
-0.194064827142049
1.57945087028269
0.205567792070953
1.71910513594793
0.396921096799999
~
-0.624654901627639
-1.47025345851528
-0.655442928684818
-1.26957171965518
-0.725698111683235
-0.649910163781109
1.10020477137035
-0.196424697617151
1.58953631585231
0.214278615078457
1.71853045914796
0.394685886542982
~
-0.628307133321019
-1.46920726561824
-0.657063860495917
-1.27295511443116
-0.726042180895202
-0.648941511004701
1.09910408597201
-0.197158102811226
1.59018368728944
0.213679637023092
1.7168254747619
0.391619814834654
~
-0.630301278801413
-1.46680783649276
-0.657190156882821
-1.27504227339114
-0.725418294808134
-0.647807515711532
1.0978662101952
-0.19821880410134
1.58887099058487
0.212403259353882
1.71559535744493
0.389368947988742
~
-0.629216907050129
-1.46542435351239
-0.655448832638689
-1.27412221148718
-0.724003363150761
-0.645353399602278
1.09656813921198
-0.197943391028964
1.5791364783829
0.207159853775268
1.71128308934558
0.389724263002523
~
-0.629604293111821
-1.46748759450378
-0.654531365065744
-1.27480992018761
-0.723988738637477
-0.644916227495432
1.09529253330884
-0.198359661490244
1.58132539587725
0.214215147024874
1.70978133809551
0.390290556075958
~
-0.629229676325652
-1.46836651140202
-0.655760312958389
-1.25839260318051
-0.722966271233843
-0.645862114298862
1.09367793088194
-0.198832322177912
1.57768034268494
0.214425755488287
1.70494467177582
0.390952085475236
~
-0.627343893549082
-1.46895360350027
-0.652590677889195
-1.26071194417159
-0.720045894582788
-0.651269772709232
1.09349428965883
-0.198935021786558
1.57677199488643
0.215670192473577
1.70253035795819
0.392375185601465
~
----
@Right_4
-0.649890424894981
-1.52151459439461
-0.671260877081893
-1.29561651030834
-0.630950989845451
-0.75717305294547
0.479935920259906
-0.223634446332926
-0.295578713276288
0.0104046194790373
-0.481136768018256
0.0861877947796329
~
-0.53894752836911
-1.48648565079406
-0.543516869782431
-1.27468159961607
-0.552448389179619
-0.699816216638808
0.486051263036262
-0.2058767937105
-0.236250059919982
0.0114122612389974
-0.410982436639571
0.0778325172798181
~
-0.621803799958827
-1.60005408526364
-0.626065719435569
-1.37272231544955
-0.633805643199879
-0.750895298791906
0.477491007131576
-0.217454622346541
-0.29879118924528
0.0179969769147635
-0.485532466697054
0.0934459253088502
~
-0.624158008569779
-1.58522581498344
-0.628097935559314
-1.35704727376557
-0.633646628893779
-0.747875362878512
0.477371203011925
-0.215540322460201
-0.268423297001096
-0.0332108857755214
-0.508942203052605
0.0898684452447356
~
-0.654059742400948
-1.5227074289104
-0.669040794788059
-1.29543005071417
-0.63853578678507
-0.748732909193537
0.474524995151139
-0.215915499598428
-0.301965596173087
0.0275807920648365
-0.494498645252437
0.0865617327840471
~
-0.650160348757485
-1.51705231280957
-0.666040576553877
-1.28745941332395
-0.635871634702287
-0.744322632232277
0.47729244828642
-0.213875431258677
-0.298999272253389
0.0269355472622098
-0.490941152723428
0.0876906095550502
~
-0.708083691113847
-1.36068497703882
-0.682957656051706
-1.27418559186836
-0.636598490264171
-0.738417961233266
0.476950297400356
-0.213970706223334
-0.301279229813048
0.0219256410824446
-0.535813503904946
0.102129805486764
~
-0.708166473794306
-1.36534790951331
-0.68373541240899
-1.28747938660691
-0.637027698837373
-0.748371854123064
0.476791257307449
-0.214446484920377
-0.301991855827023
0.0291558434626685
-0.494435602563228
0.0906614125818066
~
-0.604532772280037
-1.76951132520655
-0.603214660455401
-1.47739940303121
-0.636955070943504
-0.764122011804664
0.479489272674873
-0.212017777740134
-0.301274950019881
0.0294041902085979
-0.49508748296021
0.088479064913082
~
-0.692690766537138
-1.38082986157103
-0.700079344772567
-1.30425892332264
-0.641080904049804
-0.765204596990153
0.476674531979128
-0.211505472086408
-0.304865179242405
0.0309522461274109
-0.500011460085765
0.086268786449373
~
-0.696515143143216
-1.38363361435892
-0.702246045869924
-1.30026583554021
-0.647507058302819
-0.757658432205296
0.477035291710974
-0.215151697919025
-0.308428551704489
0.0254216719072594
-0.501666956718498
0.088216293920108
~
-0.6851150312686
-1.4226175534853
-0.684297762281461
-1.30659392513469
-0.650598135415316
-0.754791411627627
0.489304118313431
-0.218056507031062
-0.297132252249748
0.024644056799827
-0.490094671095682
0.0885937899852063
~
-0.674009735712604
-1.38196153073226
-0.675902674596133
-1.28391433965457
-0.633495583026197
-0.743199064815733
0.493529751649957
-0.215076115924439
-0.278462722179966
0.0328388159191724
-0.467794434529828
0.0946695298849826
~
-0.655563107989703
-1.58972102942421
-0.649705469138786
-1.39131671252928
-0.641077927445797
-0.756843309865717
0.509329036423673
-0.240200368803031
-0.262365666467168
0.0364436665435693
-0.444577351981665
0.12495580136872
~
-0.707592605013043
-1.39267599905681
-0.717646748649614
-1.32128340649924
-0.649271144564944
-0.774246465062036
0.517165033056449
-0.275133038536673
-0.221730128473353
0.0687163186036036
-0.499065483912796
0.18324504526484
~
-0.686472051236607
-1.45776304277009
-0.681911928558425
-1.27968202765151
-0.644508031640009
-0.746450381401883
0.58875365140482
-0.307549631370992
-0.0907492485115407
0.089372304863111
-0.455523712642024
0.250326878030562
~
-0.640332878119505
-1.58199038764339
-0.665405333474408
-1.34473639297024
-0.64496616117685
-0.745951671739472
0.663024088290141
-0.288170787471376
0.209748451967362
0.113888039419107
-0.288588952934001
0.396621813314717
~
-0.68137492927199
-1.74700306504114
-0.706245122860988
-1.47802478852037
-0.687247428957804
-0.850155697622676
0.834454519499214
-0.176372914453305
0.243905998678478
0.428100754381036
0.0790740819637402
0.572561947826567
~
-0.717866207806285
-1.83416373480942
-0.730915696474419
-1.57487892314646
-0.733132809943661
-0.8795408567278
0.907467715072207
-0.192717169290644
0.39502932607538
0.370589362888935
0.282201849075654
0.523873273071731
~
-0.745377698223294
-1.88923843464486
-0.76048987296889
-1.62802075290987
-0.764143600496197
-0.896922385200097
0.935347401895128
-0.383651463823489
0.778570343297943
0.152211209951029
0.619777671068296
0.469142920605378
~
-0.733281347902227
-1.79610304335287
-0.759534025022822
-1.53937275187825
-0.73538528666409
-0.875793628776208
0.939602436631796
-0.381499263655789
1.02371582761167
0.211931932391719
0.992261067054424
0.463485496526614
~
-0.723197859441681
-1.77731211571951
-0.746608088607657
-1.52361859288391
-0.730391805570703
-0.853099508924503
1.03327367645758
-0.363495851064999
1.269930712359
0.235280923343526
1.30390043194173
0.400536398240452
~
-0.735155244916871
-1.67707806704505
-0.758510519878664
-1.42226776696913
-0.719050123689142
-0.852307534640694
1.08082405877126
-0.368764331050896
1.46955558484483
0.151403902061184
1.55695962320158
0.359339597129823
~
-0.725010426738746
-1.66944470702173
-0.750007051525388
-1.41671730310576
-0.709742257466335
-0.845595501760491
1.11040450634035
-0.37645702834012
1.62462566675931
0.152915037371265
1.74084944517357
0.315372935762121
~
-0.679431316958938
-1.76026281312384
-0.695943022670655
-1.50567592356531
-0.700856049314109
-0.868736204374209
1.10301547957995
-0.395911722856248
1.69897798944421
0.0392945298251375
1.8059284607217
0.191394150909204
~
-0.670224505694381
-1.75377781387728
-0.687805475136133
-1.50450145541743
-0.685234721446742
-0.873662810050234
1.05115891393612
-0.471457292612496
1.64384932237915
-0.0616376115510882
1.81029796671033
0.11496607840112
~
-0.662924586652235
-1.75329606214341
-0.680754029655327
-1.50845555511986
-0.678645588239293
-0.868251490102943
1.05481956486569
-0.460706207571613
1.550611815544
-0.278168652666942
1.79652016039759
0.0290302899751832
~
-0.658570836709555
-1.72301451388629
-0.678419457616381
-1.48046468438255
-0.672538415038688
-0.869198887131353
1.03746994874022
-0.469955495132131
1.66173144826081
-0.0973313773093601
1.80960996543215
0.0423424981159004
~
-0.658708616526705
-1.75869225769645
-0.674954786586002
-1.51712253192784
-0.671846185301245
-0.871440191270966
1.02925623794779
-0.470488740867192
1.6604563476116
-0.114367556081711
1.82060199074949
0.0384576944220463
~
-0.65862946437717
-1.75705710292778
-0.678397274471942
-1.51258221280215
-0.67993493111005
-0.864958072870938
1.02822647017877
-0.474942846466273
1.65908975681496
-0.120858141527155
1.82993288910509
0.0406044979422573
~
-0.664203970978207
-1.76693037295414
-0.675672464031329
-1.51609635389272
-0.687820318255979
-0.840002494091885
1.02537544549353
-0.479863881314859
1.65641614448662
-0.127688055192206
1.82207843890028
0.0164858962557259
~
-0.666539812142588
-1.78386940262547
-0.676511559257889
-1.52940841168833
-0.690658783583704
-0.835886318785023
1.02619279993294
-0.483750930116399
1.66062864006694
-0.131146363416445
1.82366999891847
0.0119459436803536
~
-0.680299749925897
-1.72995614390479
-0.696557413294689
-1.47540050302087
-0.696999479764774
-0.820760047392474
1.02614781137545
-0.487631665340951
1.66029863476683
-0.147850285827174
1.82732026625049
0.00812695638948958
~
----
@Right_5
-0.626207741352614
-1.86868322855307
-0.63742371736093
-1.61199096717091
-0.656982028689931
-0.884507817538673
0.703108700549002
-0.786053876210391
0.725419123943216
-1.36307569724126
0.679378404521284
-1.6101087908804
~
-0.632465757063533
-1.82758031680618
-0.648456428926831
-1.57146652723645
-0.657071540626248
-0.883834990336271
0.702007872212532
-0.785140829527322
0.724022014595394
-1.36236540435579
0.677796368455725
-1.60883925321558
~
-0.63085306852944
-1.85636124441156
-0.64313860995741
-1.59928721741362
-0.656499075018098
-0.88698361521946
0.701517130590741
-0.783064858591828
0.723809909144271
-1.36084524671018
0.677176225200624
-1.6070643507886
~
-0.635499963860297
-1.81500147765545
-0.652788034026048
-1.5567535557824
-0.659177616393192
-0.892511171270405
0.702390806436095
-0.784194996587815
0.723858605163448
-1.36421980350946
0.677133432002119
-1.6098876086916
~
-0.633379528874623
-1.84820599886679
-0.646259001454387
-1.58834630445697
-0.660120147567939
-0.895001816009767
0.701847165601244
-0.787494276243672
0.72578802705651
-1.36840475779622
0.678464020053098
-1.61451073363451
~
-0.629365884769689
-1.85282021380735
-0.645689703360728
-1.59371622816367
-0.6600967203715
-0.895958270965858
0.70186955457602
-0.785886473339416
0.724968959039961
-1.36749613620602
0.676632898579402
-1.61295224019689
~
-0.629693890030666
-1.86798380620279
-0.652924553853152
-1.6091023791075
-0.658902477116918
-0.895098861528887
0.699713380142643
-0.785164401114648
0.721152551736033
-1.36579696482411
0.672409043721927
-1.61047600732535
~
-0.627987633558711
-1.84848728659396
-0.643211195592589
-1.59158527625776
-0.654067000395976
-0.893475268394998
0.698167302336502
-0.780360405301905
0.716989152405897
-1.3507233961341
0.666118998618305
-1.59558144387339
~
-0.622797726651052
-1.82644833106826
-0.640461978451632
-1.57207437709867
-0.649725906624983
-0.889743712092309
0.715950243097425
-0.717322366995151
0.688592826561707
-1.27738477778867
0.606355123249155
-1.50434838298094
~
-0.619709843362943
-1.83419290987344
-0.6385453324078
-1.57907176196759
-0.648775192356759
-0.890957943150589
0.787660856231279
-0.569691584382289
0.570635439064791
-1.24268239769173
0.429417654047034
-1.43919289928649
~
-0.614216823620082
-1.86807017719133
-0.608936294115738
-1.68370273350689
-0.642853507744874
-0.884917775484878
0.789714229154224
-0.563142422846861
0.559674934823269
-1.02346063960207
0.378681722984479
-1.19575705460809
~
-0.612162672489233
-1.74263880233237
-0.629117598406319
-1.49434435957256
-0.636967682667392
-0.878601770854209
0.764914383337431
-0.544390484660273
0.331528990701062
-0.989277713117575
-0.149084865617215
-1.21508242545633
~
-0.595415615590863
-1.78631101640687
-0.613268251844625
-1.5377148172132
-0.643375080258956
-0.846922977193154
0.738825042267894
-0.487610399997328
0.285525409725691
-0.734198158637557
-0.351295374887688
-0.94201782122599
~
-0.575231404769004
-1.93184653556542
-0.582866617187915
-1.74106188762534
-0.619115040174489
-0.952935653914126
0.69696121913308
-0.442135045038571
-0.0949827816808413
-0.567027296783812
-0.530561874765229
-0.644414611051148
~
-0.58338351551553
-1.84541820095279
-0.605392670952104
-1.58973337096473
-0.622158906090947
-0.921225628613888
0.687960686859609
-0.415489081603581
0.0896664565674065
-0.362877134283811
-0.567930778599892
-0.335545666181784
~
-0.53996348902513
-1.69749534153213
-0.561466957767829
-1.453147834902
-0.586382551146936
-0.841264341040564
0.670043534740955
-0.305804419940358
-0.0947468023451618
-0.104646151540008
-0.475808150473652
0.0291101143187494
~
-0.598659041813301
-1.5269072556787
-0.586782238026298
-1.35047660364268
-0.591522769536162
-0.768119717396979
0.695793585882494
-0.33427585518258
0.21561544869489
-0.0184258650439584
-0.319399123530601
0.256820507538769
~
-0.560706512462159
-1.71035422349061
-0.58537315748593
-1.47014581136186
-0.608089949068563
-0.843537703657285
0.793189118474895
-0.251489227002412
0.184683497342984
0.285497867794666
-0.00040413823069691
0.44891374967799
~
-0.596478238223018
-1.79679401179672
-0.627651592902088
-1.54158878488034
-0.64557358030602
-0.892945041888364
0.909012073308756
-0.251642604788254
0.484287513078517
0.431039031232824
0.328982471340481
0.603258003093191
~
-0.633684360949067
-1.73276396371764
-0.669634291139115
-1.48386424627885
-0.646039029766434
-0.875535052586478
0.964842561964065
-0.285368454489826
0.82370552587255
0.334452473639042
0.730441690732318
0.59588946663648
~
-0.632274222392602
-1.7202681861548
-0.660679127749494
-1.47480438103879
-0.627714936580675
-0.870572061507975
1.00226600268698
-0.299982326394353
1.09727624775639
0.343036263879001
1.10159717856777
0.55189504963641
~
-0.610231081620262
-1.71766220569262
-0.642564602573104
-1.46629167979394
-0.627605925016183
-0.867630782654273
1.0771384528291
-0.332237000077697
1.37975947009232
0.310228540515078
1.45055615973441
0.499292129547919
~
-0.6140990471329
-1.7144585124407
-0.645005820608362
-1.46376297584087
-0.630702068869638
-0.868578032696537
1.10853991764434
-0.351742881452427
1.58561222312583
0.248028607356997
1.68163569580665
0.419922163504169
~
-0.620691343099637
-1.70643870762258
-0.645302010356519
-1.45648646512379
-0.630820467370418
-0.856629770368575
1.14685103086501
-0.372692020558088
1.71048884604287
0.179136803375017
1.82285841989338
0.298212320682131
~
-0.620101777874608
-1.67500535964058
-0.644612328207093
-1.42605379957228
-0.625075665988385
-0.841685626815133
1.13407862297964
-0.461994415854984
1.61954168609029
-0.0744991099080265
1.83001736655442
0.142522883391154
~
-0.642207864169965
-1.66549371646322
-0.670567346923517
-1.41317849904187
-0.623818854663214
-0.843275510016637
1.13977687811101
-0.455042456579428
1.71493166637916
-0.0017703658852526
1.85933013945026
0.128782858179406
~
-0.594510310672104
-1.66534113326179
-0.619914287009443
-1.41373102831984
-0.615615735560732
-0.825114516392314
1.12858002015584
-0.467473531118339
1.68291382911784
-0.0319891360772604
1.84529894099707
0.110243568454894
~
-0.608660806809843
-1.62136172359186
-0.636915654438627
-1.37207721048388
-0.615582167446514
-0.807668147576026
1.11485314979211
-0.480387110146575
1.67118427141601
-0.0344011859063641
1.83261469102374
0.0990468080192452
~
-0.579923047977581
-1.65408632153592
-0.606031769562366
-1.40979905288413
-0.614510616564286
-0.801726280289618
1.11192868057239
-0.486957204341391
1.66390636773315
-0.033109856041739
1.81844905326857
0.0976620280255121
~
-0.578788253905798
-1.65755855378895
-0.605453546630474
-1.41398523810369
-0.614580671067226
-0.80014780854106
1.11218625759016
-0.491666648147891
1.65423612461009
-0.0436481246837767
1.82059994252277
0.0926637967814785
~
-0.577665261396528
-1.65059417995075
-0.606130056171481
-1.41048497970329
-0.614042548491201
-0.800046778160844
1.11043548200844
-0.492691137049174
1.65006893462141
-0.0444443628475809
1.81829595962281
0.0935705209308543
~
-0.577192126007293
-1.65898882635513
-0.608830939553689
-1.41813385119669
-0.615312804541836
-0.800269554968086
1.11062805727563
-0.492767861851057
1.64941196472487
-0.0430812221839659
1.81823931837628
0.0955924026643236
~
-0.576463148513979
-1.67059710956508
-0.609079341391904
-1.42907881359321
-0.616167588139239
-0.801075076672953
1.10988113134049
-0.493187015126397
1.64932704685883
-0.0414419162913036
1.81803825469011
0.0965091871036886
~
----
@Right_6
-0.587758889647163
-1.59069200215323
-0.611198937174824
-1.35468943801185
-0.616015973686907
-0.788405350913739
0.512595167369024
-0.173596869450235
-0.0583387363078503
0.0660541103266098
-0.321406188516844
0.151515358002071
~
-0.577505118289423
-1.68476449445346
-0.603402656235145
-1.45098322797692
-0.616927130500931
-0.79699729228016
0.612581049547395
-0.22682134113381
0.0684312059251954
0.0692125035567195
-0.118222330202064
0.152248435926981
~
-0.590629390048392
-1.59074551044846
-0.613599802550309
-1.35354794246229
-0.621612958912038
-0.783013608413627
0.629360639132748
-0.231308518753389
-0.0519954509309622
0.0744610766853462
-0.310766387705569
0.175253206034282
~
-0.58292544292085
-1.77834325539029
-0.609624089900006
-1.52113935458125
-0.627041342680944
-0.901305334242752
0.794811503161297
-0.157746239629307
0.172040361911663
0.330057915715727
-0.108682614754554
0.4572038185001
~
-0.655464417829819
-1.74826618997386
-0.683480033210481
-1.47814268654246
-0.701485607617355
-0.831540759149989
0.811845057937807
-0.0251394823102737
0.354442649700673
0.526472006895505
0.148977862979915
0.758633436743291
~
-0.718219025458136
-1.92276228454238
-0.748347780560321
-1.64237267698895
-0.767064066066931
-0.897803981162942
0.867213824385745
-0.100439327291084
0.764737533586874
0.575832865975753
0.762638396479906
0.822457244546574
~
-0.684778304285376
-1.87113944534939
-0.714695980955571
-1.60447753827231
-0.738947581666959
-0.911000523703936
0.978735209918613
-0.146393304188511
1.20434078377096
0.499978923407565
1.27733292897417
0.6742763322939
~
-0.68408745397801
-1.8261197277454
-0.695433982587715
-1.55462475613796
-0.713510510263215
-0.881428033461044
0.927222238776356
-0.333353421790182
1.22920352106842
0.340663211584235
1.35608482780946
0.565212840674847
~
-0.680259898814979
-1.82165551337776
-0.692227733297319
-1.55448595211804
-0.715520821238528
-0.855169154206141
0.952093293417999
-0.329739252569585
1.24341085228932
0.323338454251206
1.36428094972811
0.52837158749075
~
-0.689938700586967
-1.7708515734643
-0.710972377915393
-1.50424046941015
-0.71565992438764
-0.845302838408346
0.949164812857948
-0.33254177206648
1.25740450687973
0.308747207317161
1.35029111422566
0.480060715170879
~
-0.681395888063866
-1.78162323630598
-0.702754384986159
-1.51659943901622
-0.711153111933968
-0.839650798727752
0.946809157568671
-0.332638774990021
1.25718579916923
0.310772979962353
1.34089401719505
0.467008423293144
~
-0.680391267264031
-1.77040749676392
-0.701517008406556
-1.5091342765308
-0.709365225009504
-0.836647870399267
0.924254627492939
-0.362147436929302
1.2649167943649
0.315893199392663
1.34252485572024
0.466336575759188
~
-0.671816517033934
-1.75652654051785
-0.691416330264021
-1.49541513899379
-0.706318393239239
-0.839367393191668
0.887308503202118
-0.429032667226316
1.27426966129234
0.322855767021454
1.35247132317826
0.465481845216212
~
-0.670295440246142
-1.71226213973041
-0.687270366047111
-1.45365011672186
-0.702566977992526
-0.828622619125144
0.891198038892196
-0.425095400163079
1.28210395867131
0.332048500933747
1.36621232768139
0.473997170703075
~
-0.667691297833975
-1.7102734404207
-0.688348999514597
-1.44827501017065
-0.696947615894139
-0.824897209276539
0.884310700655776
-0.455289589691051
1.25657659889245
0.306913657485899
1.33917956265415
0.459135982604283
~
-0.657243785804605
-1.74350385509016
-0.676505585010325
-1.4830946684792
-0.695180821577917
-0.821280945504773
0.883684480378139
-0.447643133411265
1.26372614149149
0.314357582189058
1.34485012820459
0.468621457319028
~
-0.659375795748239
-1.78818583438789
-0.679090345914055
-1.52895350425167
-0.700223889029821
-0.827348424944433
0.931338427486945
-0.370243377403807
1.27805124463534
0.335311577927522
1.37410261572467
0.491090609842259
~
-0.657385346114004
-1.78646211263609
-0.677312252962635
-1.52645880302878
-0.695688952774912
-0.835546636875747
0.89001931561021
-0.393064717621985
1.27957299119297
0.338755219805471
1.37135081875056
0.488892226794735
~
-0.659247595415665
-1.74028636958629
-0.684752763665591
-1.47680975565607
-0.689940703068345
-0.829740722257748
0.843260869673154
-0.403227693816073
1.27534630729886
0.334734502585297
1.37106430713123
0.490847148649929
~
-0.666348107366776
-1.71049403151813
-0.685007512438614
-1.44562580111067
-0.686130448891042
-0.830603021583289
0.857231537910458
-0.415459800500116
1.2677148926806
0.330455120148393
1.36023593445064
0.481308759755459
~
-0.651071458172514
-1.75169949296028
-0.664862682971275
-1.48309033969994
-0.685675706881396
-0.828466136589997
0.933636476084511
-0.350322914153378
1.27590809250362
0.340775452336777
1.36269313726517
0.47982089463789
~
-0.644058550995853
-1.75443900103513
-0.661849234172203
-1.4870856605731
-0.680823692284864
-0.827403096904967
0.93576074153458
-0.349426139827276
1.27189832883608
0.337905487931061
1.35563244923512
0.474595487707147
~
-0.639247456842925
-1.74048919024153
-0.657031433466139
-1.47377267323257
-0.676507788090748
-0.825023527267523
0.936369268091325
-0.348763056143074
1.27101963548823
0.340346979799763
1.35302174785062
0.475670926476754
~
-0.638880756437415
-1.72709147216826
-0.656776032851349
-1.4610868752555
-0.673989507126762
-0.817897802801377
0.875393305284765
-0.331817900965881
1.26759486503245
0.341032609097134
1.35854090436403
0.487604938222395
~
-0.639250538063462
-1.73768348745019
-0.655099352809652
-1.47074798817727
-0.672012287928329
-0.826752851888718
0.91554472104331
-0.329952419244413
1.27143618971247
0.343958614119815
1.35452264552092
0.48104812705559
~
-0.635982311750026
-1.77516486315781
-0.651523330190869
-1.50784913774177
-0.671332019019691
-0.830439960343027
0.923692820997584
-0.330586338407501
1.27029591481664
0.343396723725647
1.33951633754907
0.467284918578606
~
-0.658423997476238
-1.71505963864582
-0.680014400851745
-1.44978088338736
-0.671106817129178
-0.834668198411758
0.932786193301604
-0.325923362486844
1.2685216881295
0.340991645098837
1.33528090348133
0.46139080387105
~
-0.631894581667129
-1.83907504009776
-0.627655191387667
-1.64373025556212
-0.674734945655716
-0.824362140972472
0.935887100758925
-0.327380959663399
1.27027912643077
0.341957903755188
1.3370055810306
0.461350109876474
~
-0.638372460906503
-1.78357820135912
-0.657926975864966
-1.51686952811729
-0.675959772414159
-0.814870497237479
0.938911545443633
-0.327273450659597
1.26854016231346
0.338311436706696
1.33564475044944
0.456896357970892
~
-0.660719994878902
-1.70884428418346
-0.681337402099161
-1.44204201107172
-0.68297831131844
-0.822156624237232
0.945694246843331
-0.326293783330515
1.272665462268
0.34036010605756
1.35028856439423
0.48022987334323
~
-0.680339540200602
-1.71914565006074
-0.707771965142594
-1.45154555369878
-0.68407594332278
-0.836265053837983
0.901455724737723
-0.372280798928044
1.26853266972783
0.341991344237474
1.35308752887251
0.49186652069613
~
-0.643347564216165
-1.79331044158589
-0.663665013771106
-1.53031841584462
-0.679743309797467
-0.844515843681974
0.883994324041197
-0.398035890049077
1.26656548711713
0.349311372374242
1.35400098790544
0.499082245433061
~
-0.655965260757408
-1.75729845027216
-0.677729746824683
-1.49288109956285
-0.684843698378934
-0.855953119482367
0.945331833295221
-0.335235509819507
1.27186906286419
0.34586860845263
1.36143270135438
0.494661113242304
~
----
@Left_1
-0.699236879110729
-1.58643589099526
-0.697532002223159
-1.40442747468066
-0.685373158679214
-0.791755875959462
0.990346761315965
-0.575377521654507
1.43670649068732
-0.131186631157733
1.55976494151024
-0.0183758950641291
~
-0.681846207325953
-1.58999476189085
-0.696824578416228
-1.40362240829811
-0.686038050107013
-0.789341635302
1.00042003346983
-0.580088225281894
1.46417540871108
-0.0918229452295071
1.51425050615406
-0.0914297114713117
~
-0.693184422770145
-1.60484616601418
-0.712672654728267
-1.41603014878499
-0.686736295550432
-0.797174277487121
1.00894024609638
-0.565826066491674
1.46511372414036
-0.0924194683466791
1.54033099177602
-0.0617562220413457
~
-0.696118274565148
-1.5363705441336
-0.70872863924135
-1.41327487426682
-0.687123540021004
-0.795507246817656
1.01713221970737
-0.550952075255369
1.4585943686801
-0.0965089846830641
1.59619637606138
-0.000740037925581859
~
-0.687853549936431
-1.50853862066304
-0.702124069870639
-1.41086920698355
-0.68498807302371
-0.796302950631111
1.00414271614926
-0.568787696371004
1.44446373822866
-0.104379144251914
1.55040481737492
-0.0149085638218615
~
-0.686235628846855
-1.50467646079411
-0.702449706866917
-1.4178496189057
-0.686546634455038
-0.801106267934572
1.00793768822796
-0.567461144195093
1.43538707705324
-0.112768696862271
1.55397185220007
0.00299579284922849
~
-0.683812402917849
-1.50472572916004
-0.700496013536549
-1.41984821393258
-0.686888183985669
-0.802771577368222
0.992747394060444
-0.593685958317822
1.40396465973017
-0.136760229989788
1.50030340368076
-0.0304701181424404
~
-0.624786499721121
-1.92413211586244
-0.6561734351751
-1.61132403784077
-0.685797425196273
-0.80563793846206
0.986461732654069
-0.601554217852771
1.39674531268815
-0.141048474489369
1.49070936297125
-0.0340255962260557
~
-0.626031629668715
-1.92879010994835
-0.653680016532182
-1.62180843551958
-0.685062099482287
-0.814375816314266
0.987432671152898
-0.600483149132989
1.3761337201341
-0.134934918218611
1.48169459190202
-0.0282165988317035
~
-0.710408853805008
-1.61805277742255
-0.693203600783452
-1.42806323919982
-0.683736938038254
-0.811719343570591
0.971473445490141
-0.545702106710054
1.32802108510096
-0.105402975205819
1.45533730451703
0.0290638415912466
~
-0.702221619980561
-1.60006016864782
-0.677134543821392
-1.40743046234282
-0.68658622974506
-0.795542821499983
0.95387707055902
-0.559700123267456
1.21157739022737
-0.081644102302688
1.33123147835995
0.0590459929833173
~
-0.692557938421254
-1.59020739564955
-0.683449213053958
-1.399185478455
-0.681847096801995
-0.788347255842959
0.881234205239188
-0.579879608770675
1.0022150986679
1.38576411408523E-05
1.05992841948624
0.161692026304591
~
-0.712234851897905
-1.58303077693498
-0.697032326956349
-1.4017779800864
-0.688762678833766
-0.790739940529299
0.781226995066029
-0.50491671031469
0.759988742379387
0.0607639679790042
0.804565842697592
0.25129313643747
~
-0.694702797227173
-1.53311641603195
-0.712284753702173
-1.43444332503181
-0.699539158828963
-0.812858320760813
0.768318336682168
-0.523248731892517
0.53781332410899
0.0162853917447641
0.451983479155165
0.25514927960367
~
-0.66952154995568
-1.49638030177477
-0.690876217072536
-1.26946434495662
-0.677310180343008
-0.719471854793737
0.530820374812739
-0.399041901347631
0.142799084571718
0.149405985006271
0.0667692872259267
0.264069810305934
~
-0.649270974498494
-1.55789522349459
-0.674477590700595
-1.31637631983365
-0.667257408357017
-0.749312545091777
0.406128815851106
-0.27604319822243
-0.21542080479887
0.208039210325698
-0.294825103282012
0.293515043404622
~
-0.572532746929937
-1.48622383896831
-0.621345175774715
-1.25763450235431
-0.616320959390366
-0.702899916668012
0.389119689419302
-0.259910950174697
-0.238465824661561
0.019880135700941
-0.430190213064772
0.179926449473765
~
-0.717933381880517
-1.53014511354324
-0.697029808828499
-1.34715348610079
-0.688601238508236
-0.754178420099592
0.622755125949287
-0.36705773422829
-0.225279228846017
-0.0953790094478036
-0.48721518543777
0.041407947102753
~
-0.705547849340462
-1.74053320533705
-0.743178407847323
-1.47267637066551
-0.720815570423496
-0.846981965916107
0.641259787718448
-0.402705574932938
-0.244194869805939
-0.187154744136994
-0.536137468429893
-0.0808064388852999
~
-0.760230059271531
-1.84398817707514
-0.795755084974343
-1.56267839120559
-0.761278004617676
-0.911076165047884
0.646318820609859
-0.439001618734461
-0.314978338178889
-0.243158589837415
-0.628281150997164
-0.164426310055726
~
-0.860107951409213
-1.86560030097188
-0.842845338973596
-1.6513307591603
-0.799880240518759
-0.974794062900676
0.656805163245735
-0.480509384557631
-0.122487483926998
-0.378164818050858
-0.439769226671597
-0.294834430360541
~
-0.793248827577851
-2.06052653997993
-0.825747186719994
-1.76651529341321
-0.830227063079562
-1.00389415234886
0.662529504550054
-0.499888596492603
-0.100590916279097
-0.424985534917867
-0.429535166683835
-0.335329900082592
~
-0.833580216913958
-2.13905520272867
-0.863497649041744
-1.83728237375305
-0.863864276579391
-1.02480589852536
0.656516466916249
-0.530323271152253
-0.344561641153245
-0.348013969639914
-0.687101361611472
-0.276289763381769
~
-0.834821534415374
-2.15433788159754
-0.864575826271474
-1.85244147995826
-0.86058052476047
-1.01395933208563
0.66004880455594
-0.543279453300135
-0.332944835038676
-0.380669639446384
-0.67235611115573
-0.29249373043765
~
-0.831312154744607
-2.14191240989226
-0.861495534917052
-1.84022562618735
-0.860600521048218
-1.00590503321241
0.660218401935234
-0.544986334254269
-0.296000213822533
-0.367899284867748
-0.639178908046018
-0.29405787132979
~
-0.870937566855045
-2.02278714784709
-0.907575129268264
-1.7253320791166
-0.860952264706529
-1.00018714238021
0.663090509014982
-0.550547168915238
-0.383026073420386
-0.348295891829517
-0.630100282671127
-0.278990622974866
~
-0.813778712723948
-2.12103180988826
-0.84232860178996
-1.83390702934165
-0.854537362463104
-0.994389819847941
0.66217238852141
-0.556779766976984
-0.376177529314745
-0.346680491265973
-0.625910689467489
-0.286702839947414
~
-0.795887198868214
-1.99606121245292
-0.825024949861674
-1.70930222240882
-0.824243815505811
-0.975009216231103
0.66221677099425
-0.52659220802506
-0.277221989681471
-0.349136915501585
-0.603531551539322
-0.261663093557612
~
-0.868339125792699
-1.82045182415389
-0.876378034870958
-1.69782507162978
-0.840399744429349
-0.995906895218036
0.667263884336625
-0.53936196036803
-0.304149627915806
-0.358261591352258
-0.633755990257485
-0.265059427685507
~
-0.85752990037189
-1.89324232077861
-0.86357479885859
-1.67197895247462
-0.830427414010709
-0.975728517107002
0.665277935114874
-0.532050701988133
-0.304475422894409
-0.353155331036811
-0.630276359810816
-0.259553608804239
~
-0.859728569925604
-1.89306274388701
-0.867237270556336
-1.67057334391194
-0.832821513532529
-0.973110268026556
0.659995482815374
-0.539271135759621
-0.354270506383923
-0.330230485327734
-0.596659472353732
-0.263755865786529
~
-0.776283811749255
-2.02654618182213
-0.806194172060536
-1.73826042125383
-0.817318422797528
-0.954556393430404
0.659558003655503
-0.524395007799763
-0.300186382366878
-0.330869934909812
-0.625547728056197
-0.247277433016296
~
-0.791433803779054
-2.07227313037715
-0.820370838623811
-1.78241442752799
-0.828038921787502
-0.984523857412132
0.660689419263528
-0.542993201696193
-0.317127659110109
-0.348299142495859
-0.645264349667466
-0.261683416275697
~
----
@Left_2
-0.705165614000099
-1.63209194396491
-0.696475815106601
-1.44357036045117
-0.680794110293513
-0.823555380115104
0.707532443518305
-0.800266749086092
0.723877365065037
-1.39480269221502
0.701017766718733
-1.6469521995775
~
-0.639522244391217
-1.79044508030873
-0.657883208882816
-1.54199535211202
-0.68131861793952
-0.833594687008046
0.708073850073464
-0.800310029887018
0.725009894461465
-1.39488667758605
0.702392520298398
-1.64718600383873
~
-0.653560439942804
-1.72573291890873
-0.687031790411624
-1.45034474112228
-0.681029581188894
-0.83154682292794
0.706755637693185
-0.798875440584238
0.722837656149419
-1.39241444429938
0.700738293621756
-1.64433938946194
~
-0.639709686649555
-1.77943186308202
-0.655082487657831
-1.53616048205634
-0.682034774354289
-0.831880727557612
0.705852821565066
-0.800014101890206
0.723396723456893
-1.39444569081355
0.701013573406999
-1.64565201895352
~
-0.723923280807975
-1.57722781146542
-0.69436349662847
-1.44651736009272
-0.683002136657783
-0.824059170421142
0.706318162334556
-0.800511886624852
0.723133486448602
-1.39533450858308
0.701517396431379
-1.64668597810871
~
-0.732950777344679
-1.62826936172879
-0.692266643511308
-1.43794845052253
-0.679112526998034
-0.81830527666185
0.704291221961637
-0.798499073091326
0.724357273411892
-1.39174918658745
0.70100922519158
-1.64164716485285
~
-0.728212234857126
-1.62207563404723
-0.692817437228348
-1.43641600883168
-0.678395671263424
-0.817810528998625
0.702848702884915
-0.797089802694441
0.725450049593402
-1.39065820165414
0.702452559454473
-1.64012298676082
~
-0.677603590488814
-1.68041744706926
-0.700451172936946
-1.43421149192945
-0.677343125989419
-0.817147725608258
0.703549861774745
-0.797209680721486
0.724012539940756
-1.3896804495829
0.700705253959344
-1.63870706285069
~
-0.72593350220199
-1.59520110265871
-0.689247592198811
-1.42620151460894
-0.676932274300736
-0.816571879419092
0.699886659913996
-0.805979188330723
0.702791611890128
-1.47312982811237
0.685792951727076
-1.72514023235491
~
-0.734766531049367
-1.60536130132525
-0.691986162701785
-1.42525301122925
-0.676074299774258
-0.814751548241541
0.697477734937944
-0.815362138075403
0.745971623800771
-1.52257784215498
0.756365134032702
-1.77768162959822
~
-0.72199129264181
-1.61814784541659
-0.689904740242343
-1.42796625754103
-0.673342121162182
-0.816535656213006
0.704959867727676
-0.8240940843967
0.841982878066408
-1.50054042220379
0.943205917394528
-1.85036958255068
~
-0.723644265568919
-1.61745273454188
-0.691682143247722
-1.42769364160855
-0.672286568934177
-0.816352180375304
0.734273022902668
-0.82298288584465
0.955423880751339
-1.37179445331709
1.10462488260434
-1.63958817041259
~
-0.665447213507011
-1.72747019421901
-0.685409421071956
-1.47604567880882
-0.675142103175341
-0.817261902114803
0.796201923139242
-0.784454644004732
1.05782449466753
-1.16749792825327
1.20878591149861
-1.33388263755577
~
-0.66337597729005
-1.71195276445883
-0.684577759119946
-1.45885658888733
-0.675350979702111
-0.811318011967622
0.785661649579721
-0.566878240965617
1.04364879685441
-0.817516083879844
1.26148307517206
-0.976045717786828
~
-0.683465322909175
-1.66742809533719
-0.692613340460217
-1.42011006322934
-0.674281174189586
-0.808502940205618
0.788902491971053
-0.56020657818827
1.04258749624181
-0.576064643492264
1.18139977765859
-0.578319788087328
~
-0.741229644280919
-1.59600790402736
-0.692096486538274
-1.4161868423566
-0.672589756264907
-0.806529826759667
0.789929545895056
-0.511692350343915
0.916164585373567
-0.259419337030894
0.992038679278429
-0.162555338197284
~
-0.715654242263
-1.59791900390678
-0.69142189045015
-1.40807403805122
-0.670424019981619
-0.801671072519775
0.743541617662464
-0.462356657696886
0.743001876996246
0.05691134899174
0.821492148918876
0.171989160375922
~
-0.726873886041525
-1.64666772324244
-0.726114786479595
-1.51577547062034
-0.704066629106703
-0.853864358980121
0.880535455498824
-0.376930475838753
0.584045727671964
0.207315565640257
0.551492279079473
0.387329782753906
~
-0.717535224166918
-1.66925204913683
-0.740912344113818
-1.54138893747331
-0.720757152612104
-0.858055754487185
0.766953703746403
-0.26240334722197
0.358269015069814
0.349737232746098
0.268694972092453
0.594933468365495
~
-0.659639687515839
-1.6502494767485
-0.67272853602867
-1.45377019387827
-0.666793749654351
-0.838724597976265
0.621481570257973
-0.217561347612819
0.0930825390780729
0.28833120421932
-0.106846697136798
0.553319725423524
~
-0.569417954328067
-1.47313759447805
-0.575088384058618
-1.30906171974425
-0.572523551430657
-0.779004053832218
0.492495287421845
-0.211238422070334
-0.144903726848465
0.224068023243901
-0.371126171113733
0.476671168982314
~
-0.622570820660099
-1.49877678872647
-0.623464711840509
-1.32645576016682
-0.614085203344058
-0.760836319119079
0.410187153493836
-0.16508181341445
-0.341162945190133
0.197450681017374
-0.561010099164642
0.353152397295838
~
-0.620941525405792
-1.5184572260872
-0.618317428231074
-1.34456446327938
-0.615355156540434
-0.768534997960621
0.434987690315549
-0.164163509826863
-0.357168529869636
0.0962509137499623
-0.554662361499905
0.169797510112322
~
-0.570986055796215
-1.64127919484458
-0.594820750140797
-1.45430706286312
-0.620342838076815
-0.801364265682104
0.401235689758202
-0.131638312283016
-0.438229542082406
0.0521506400424781
-0.704955318687484
0.121726780613975
~
-0.61510795515348
-1.67800669054
-0.6390591703248
-1.42983944272478
-0.614965098993711
-0.849204599864135
0.423174765044029
-0.122959895716689
-0.440272240672613
0.009123143223316
-0.648013844846565
0.0105133301678849
~
-0.632930384401433
-1.62798244586371
-0.637257961821583
-1.44006074978714
-0.614050271553979
-0.861560091337177
0.423960327350112
-0.128381279303674
-0.216478082002494
-0.0252504124230436
-0.425545009958582
-0.00262712657453372
~
-0.581640912711546
-1.73076750994895
-0.603804963467896
-1.49551374249149
-0.615104661926281
-0.88231027721729
0.417661230705206
-0.129185657000065
-0.385412167345905
-0.0127156861926329
-0.59232220721516
0.0220839794967606
~
-0.564239214874243
-1.69191936136359
-0.586183460646772
-1.4615792235337
-0.602969076561121
-0.871710910002341
0.431615834892366
-0.124978305049046
-0.190401693478114
0.00227296754463244
-0.460139949816737
0.0376230923795028
~
-0.574691500663127
-1.7103593027294
-0.597595759043154
-1.47796687244256
-0.614066056203437
-0.881912558682323
0.431302637785359
-0.128882348732851
-0.196596793546676
-0.0111716637082677
-0.473286287410491
0.0256794020205262
~
-0.579941911575057
-1.71673930798187
-0.601597171695893
-1.48402805435841
-0.619091050958874
-0.88211352904526
0.428893407870793
-0.135299915568965
-0.423754374899024
0.0274506265911345
-0.626719970952793
0.0449823325952322
~
-0.664079655660045
-1.62724265321548
-0.644084285846685
-1.44180366471646
-0.617240174227423
-0.86548621955034
0.425340442065354
-0.139904143145971
-0.425464218999462
0.0202900089185583
-0.628091051523282
0.0445098477721926
~
-0.666263166926584
-1.63455126469321
-0.655179791367285
-1.44654794008233
-0.626212507076288
-0.866173395545679
0.41892010127738
-0.143866676311383
-0.435481614214152
0.0237706758573782
-0.643201500766291
0.0430122101310905
~
-0.6598944219504
-1.63084720489571
-0.653869282074002
-1.44644808740549
-0.627434386984731
-0.864645542955109
0.431461457829658
-0.154146620751305
-0.422547053306026
0.0239870673620013
-0.628281323487661
0.0621226377780951
~
----
@Left_3
-0.664506116185123
-1.60816051502659
-0.681487761298928
-1.41025208370976
-0.664453464052627
-0.802503542083103
0.716493526994544
-0.639150438846707
1.0480803931838
0.0385915321291174
1.11295958215193
0.157226343050862
~
-0.66667077147902
-1.59533549035788
-0.682964430713465
-1.39764233745647
-0.663774115844977
-0.791548252986649
0.714212163650493
-0.60788773793913
0.995594022248605
-0.0974879294411938
1.1222585058033
0.173949119918756
~
-0.664849443920349
-1.59170407976953
-0.680526876001768
-1.39440824417688
-0.66443865127311
-0.788795177937639
0.722596463261099
-0.619849686326458
1.00011438505137
-0.0790597708929036
1.12128157152529
0.181551779812563
~
-0.623566243712885
-1.73166454715136
-0.642899735807606
-1.48304974252713
-0.663252299122389
-0.785521856767491
0.719340293220713
-0.618950388222887
0.99334666942454
-0.0953131883491935
1.12180947264285
0.184673708896015
~
-0.654386481181549
-1.64295963229879
-0.678897198238931
-1.39328792319961
-0.667229634341517
-0.784635339635328
0.728527981214628
-0.639084108633397
1.05180281664899
0.0488823071861842
1.12288081562805
0.18928045327321
~
-0.625052427419709
-1.73405738447311
-0.644619479893172
-1.48494032100107
-0.665043859824341
-0.783255987368209
0.727081405260354
-0.613964931595413
1.06389411911997
0.0755495136882526
1.13591402423308
0.208117970041819
~
-0.619544719073906
-1.72892183107587
-0.644102840652301
-1.48176048234579
-0.666916641729343
-0.791174647183983
0.726567303597906
-0.618162923913515
1.05744046292313
0.0744208346805783
1.12890495688146
0.212604829814949
~
-0.622383854006623
-1.72975523718963
-0.647482889975468
-1.48620851843635
-0.666760653534534
-0.793640763066283
0.719805142444307
-0.615343461602896
1.05551333023904
0.0794657517803365
1.12311846752591
0.210523810656115
~
-0.653088691811751
-1.64541709785627
-0.679168553706639
-1.39683997192506
-0.664434837398416
-0.792091856094026
0.71319589735403
-0.611722893191645
1.0342826954343
0.0748850651043802
1.10600736942898
0.220115774453001
~
-0.673664946765848
-1.64956509828345
-0.676501981509194
-1.39730945608691
-0.662072419031799
-0.792616550219214
0.715216761077604
-0.605089654028833
1.03867792661279
0.0885183785519448
1.10526387949502
0.225779536658176
~
-0.731583764715789
-1.56683321624049
-0.676775864403266
-1.39675085928512
-0.662686072944665
-0.791223130603123
0.711873796540076
-0.595613186137856
1.03343601319575
0.111048032262607
1.1003868813957
0.248049505376092
~
-0.699693165933521
-1.58941080492472
-0.677755792483705
-1.40041007228727
-0.662521160919447
-0.792845874502875
0.718575438210909
-0.558554010127147
1.02934065830164
0.172636730444964
1.09527778970595
0.316040208973546
~
-0.705392339640441
-1.59848249377726
-0.680989128315898
-1.40877856701836
-0.665128097738603
-0.797440111430268
0.71961480177392
-0.547303913094408
0.970590583576745
0.225612212560123
1.0318482251112
0.404373767529687
~
-0.667898694382759
-1.68167157715106
-0.693255021075587
-1.42667623198004
-0.675387669959789
-0.81027825784603
0.709952043646967
-0.542243283241629
0.81784163647343
0.280815788544252
0.858395700232491
0.488865999297107
~
-0.666279627389146
-1.84759619510889
-0.688085858877053
-1.58417055865461
-0.703053070810979
-0.847030139307678
0.721206799000097
-0.540549755132002
0.616657081778227
0.287324943328121
0.542337609487668
0.517916133249324
~
-0.694589941956486
-1.94494171883585
-0.712281531342014
-1.66935734969459
-0.729357815249623
-0.879257030951202
0.710731220850074
-0.422874023979871
0.447483792900549
0.224592522838529
0.410039080445142
0.463820474927492
~
-0.653239831517852
-1.6106943351656
-0.673358340222499
-1.38565872746872
-0.686675980672636
-0.741202582415599
0.498226919109702
-0.365844783461813
0.102189528007328
0.143343668880197
-0.00654077442373834
0.384902427136444
~
-0.649299617306527
-1.70178827579064
-0.670563112108365
-1.46169679615934
-0.681934858638017
-0.797919924639717
0.593389452747343
-0.40080119227457
0.117176831698044
0.0186506703992413
0.00203600502309313
0.274451333856546
~
-0.637226295452395
-1.71225903364145
-0.658195435677084
-1.47087131858349
-0.676689071134293
-0.79520556427331
0.602854037335276
-0.381452870525889
0.0252803805268625
-0.0155260277217873
-0.246189742840319
0.0674757669792147
~
-0.597421732798561
-1.68914847268362
-0.618027393267813
-1.44129380960194
-0.639686695587607
-0.794729322826623
0.673989745470837
-0.31151102739025
-0.156940611313782
0.0359572857313575
-0.528583450826637
0.160062008287155
~
-0.649742890529994
-1.77737252317258
-0.673181083012103
-1.51958333197373
-0.687215273273158
-0.889192901850203
0.692220132015993
-0.330244286703439
-0.223461974294857
-0.120821577965902
-0.661885655427552
0.00188409701514987
~
-0.662339170066374
-1.7741870423801
-0.690545965509309
-1.51747147829699
-0.68974945024692
-0.895273853942462
0.6929160077056
-0.337311519678676
0.0143144256256585
-0.202547638479455
-0.211886109643321
-0.157626360564379
~
-0.690053187181091
-1.79615792934914
-0.719130750129379
-1.53681848428719
-0.704381367188758
-0.896756371180241
0.698653840701879
-0.347404289894668
0.0181920727078973
-0.19515581027792
-0.208628532588972
-0.144406317072337
~
-0.687654118572249
-1.78537873978623
-0.715391859002069
-1.52657053450099
-0.70133491272079
-0.893309601482487
0.692931544433546
-0.34293809483279
0.0153876106651899
-0.1889245058156
-0.210460383145082
-0.137586650753613
~
-0.691161637028727
-1.78655531131713
-0.718813258098719
-1.52623266130089
-0.704589702126179
-0.897693682856855
0.702924735627592
-0.347320520089624
0.0288638418785935
-0.196522452462511
-0.195823122704406
-0.146256414040177
~
-0.66649864982937
-1.8033086846038
-0.683597975988661
-1.53967606928729
-0.701441049668742
-0.898030473352581
0.698778760310177
-0.342831923304723
0.029435400526886
-0.186428852252255
-0.193679052734211
-0.134294495234766
~
-0.66547701735572
-1.81214598236467
-0.680838629495009
-1.55057325664405
-0.700483504426438
-0.89944466848758
0.695987298285631
-0.347793979294402
0.0304450599375743
-0.183924262161339
-0.191402384364257
-0.129301030996771
~
-0.66353823680359
-1.81692702825601
-0.676411112732967
-1.55664124540727
-0.69929307387111
-0.911228334917576
0.684586721661523
-0.351240162497383
0.0232705376776768
-0.177375884626582
-0.197168198169825
-0.119421109630542
~
-0.669120961509256
-1.7663481277662
-0.68914185104
-1.50853787645819
-0.687890067397297
-0.895121566881645
0.678490729974337
-0.340437206195938
0.0221742232369823
-0.175549480446571
-0.196597961221714
-0.120586897423659
~
-0.604113776047938
-1.67408630345537
-0.61325790298484
-1.43137875650613
-0.646848283732134
-0.824743954676442
0.662418318547381
-0.28806657508734
0.0345888878828722
-0.121486053857654
-0.170714751804151
-0.0658839317475395
~
-0.60692674024178
-1.67856598572473
-0.6159820225859
-1.43633786419694
-0.648303243704156
-0.827332393792281
0.669023276270594
-0.289341545927142
0.0423963712358946
-0.118332668170476
-0.162364803240117
-0.0606519932150361
~
-0.604626563170311
-1.68545927332002
-0.614620138831378
-1.44057576563225
-0.648647434484233
-0.835303227682208
0.665188463606825
-0.290974330970866
-0.184907733973342
-0.0392339649696105
-0.389276228905874
0.0197125964029567
~
-0.614896323656941
-1.66781657934833
-0.630078297542968
-1.42242102983827
-0.653333838254974
-0.838844391836145
0.668921132581938
-0.290717275214694
-0.188015293923904
-0.0491957348692651
-0.393237436593274
0.0099969769768563
~
----
@Left_4
-0.652304094443262
-1.47474996466183
-0.683965333695276
-1.28612103209475
-0.745856084503908
-0.661295398520416
0.682412028275912
-0.731811041582312
0.681104412527484
-1.33840842065145
0.65327344557113
-1.5337249294577
~
-0.65175490759087
-1.47491773853073
-0.68367671271521
-1.28504197973119
-0.74471704756027
-0.661335108426008
0.681619583400998
-0.732287778688723
0.681609279788043
-1.33642384632821
0.653390800963687
-1.53411277422203
~
-0.652412626614434
-1.47466311437218
-0.683644880223332
-1.28496170582814
-0.745430306793062
-0.660529945171183
0.681845221238937
-0.732753952461573
0.681982838781314
-1.33563475401849
0.655546673442863
-1.52852189174995
~
-0.652348803661259
-1.47556675330603
-0.68389305317819
-1.28503006472691
-0.748146327223953
-0.653746965884109
0.682220698489296
-0.732640866486537
0.682278542944355
-1.33644845578497
0.655302488855767
-1.53299420833815
~
-0.651107603417139
-1.47678012415863
-0.683546332776011
-1.2848274710101
-0.747893479293632
-0.653423554565525
0.681695590856365
-0.732943955625988
0.682515538437026
-1.33647684647068
0.65358826437907
-1.53301314740512
~
-0.651998257933182
-1.47659514397771
-0.68419490162973
-1.28459938226805
-0.747742898381525
-0.653483845398209
0.681758839023857
-0.733927554836573
0.682837559926871
-1.33755931179515
0.653914315075822
-1.53415770272081
~
-0.652001379073547
-1.47526958994224
-0.684077035483671
-1.28491160277455
-0.746710883381564
-0.655234735637484
0.68119981555078
-0.734656519779399
0.682085747404975
-1.33831194488711
0.651864168416548
-1.53439776189425
~
-0.653754965389095
-1.47366071059732
-0.68435102148877
-1.28463900371663
-0.746843371748504
-0.654563900852709
0.682331970612337
-0.736222554611216
0.685266938633566
-1.33876302841157
0.661524388692069
-1.53416137474001
~
-0.65356151549652
-1.47781310640627
-0.683651649858755
-1.28823412173692
-0.746555300939429
-0.65772905570888
0.684170657239294
-0.744729549395682
0.758957112076407
-1.36402531578345
0.816508395016164
-1.58028286539689
~
-0.652535252030518
-1.48181113307638
-0.682689850584029
-1.2919019939226
-0.747098434873111
-0.664061728600129
0.694886712546855
-0.757751774388811
0.900088603209505
-1.38406291705439
0.987871118715463
-1.5733450008948
~
-0.644767525150603
-1.48256857011653
-0.676731750263145
-1.28807204351105
-0.744333765616531
-0.662484675090288
0.7554445002149
-0.736151490134817
1.09266757078092
-1.29121685107579
1.18578837741091
-1.45215992349635
~
-0.641608496884418
-1.47670474518535
-0.675997102162935
-1.27998286333437
-0.737878492443952
-0.661693473848525
0.859947158246336
-0.685821130108608
1.26117683726165
-1.09085589281223
1.38689091834325
-1.21751602222002
~
-0.648795186386449
-1.47702377989072
-0.685731235684402
-1.26755894664825
-0.739394749698392
-0.661106580726881
0.881413534679168
-0.574958384762082
1.34250144957264
-0.782535433186182
1.50640983131919
-0.872698947719302
~
-0.661603068780854
-1.49822104052015
-0.689464897009241
-1.28711785777085
-0.750392580118097
-0.673950936386087
0.838589706219625
-0.427290137270775
1.36101508209587
-0.439781880470164
1.54268696410127
-0.482571628808586
~
-0.670538918433089
-1.51838495684119
-0.694046461040697
-1.30498211222131
-0.761641011867241
-0.682820388679098
0.814120023942913
-0.363421020198515
1.23976905843709
-0.0956818899307377
1.39990982470279
-0.0423370226361745
~
-0.681031407714273
-1.54826839875167
-0.708773676789211
-1.33380176411799
-0.773478192239791
-0.699312224743039
0.835120559656079
-0.252129751634739
1.02413250549585
0.213178508858047
1.09292914271477
0.325494762403643
~
-0.71980689697083
-1.57951602355715
-0.743459467391158
-1.36530965587025
-0.795808818034001
-0.726286526216983
0.673396356712101
-0.0835258381965566
0.446231633930316
0.384275363212421
0.374937774137726
0.613946991233806
~
-0.701674867265219
-1.56866201331346
-0.724530355032049
-1.35629036913498
-0.767253151867844
-0.727939819409522
0.60553474520484
-0.0950966913897288
0.100001007177909
0.367214090728178
-0.00224311762537093
0.480006271164544
~
-0.656028458463197
-1.51526835549131
-0.673431958634065
-1.31972190982569
-0.7099894648285
-0.726497580713733
0.46861980341135
-0.200884684929611
-0.140738452615948
0.189232062169115
-0.252306018439762
0.312309533330346
~
-0.655315014138334
-1.51665176746357
-0.675485872272465
-1.32197613597712
-0.709467059607961
-0.711049666077543
0.457244320568577
-0.219919761440263
-0.0804145905625975
0.00966772022123215
-0.430482736771535
0.224259776887646
~
-0.63480113216983
-1.5140486474205
-0.665761073061004
-1.31645971123158
-0.704784621282589
-0.700718318581876
0.440869969842759
-0.24384879867268
-0.178488148265448
0.070051397403152
-0.426343365125364
0.187741272510736
~
-0.624127503752392
-1.50226144089275
-0.656123248009513
-1.3013009456154
-0.698521982485025
-0.692244481675133
0.422997675083898
-0.243020840303995
-0.185310671267615
0.0597253537243916
-0.41964018060427
0.170786255642113
~
-0.622140306275129
-1.49081226049245
-0.651828204345091
-1.28961615579944
-0.694608047635868
-0.688147677056032
0.411519943064722
-0.240037457439182
-0.184693565830297
0.0606381125497599
-0.415684959072155
0.169201787770315
~
-0.631371954835617
-1.49480965331266
-0.655141611665049
-1.29541661110902
-0.69532026418057
-0.691394715924439
0.413354105719054
-0.241528831842628
-0.185218168694168
0.0626582656721899
-0.379906574312078
0.16033481221968
~
-0.641387305059488
-1.50082672253667
-0.660694557193441
-1.30566732995692
-0.69875043338108
-0.695226110987351
0.418529994211301
-0.246807678574834
-0.106725496599044
0.0441580521998889
-0.405707907506979
0.172781676682596
~
-0.651193574641613
-1.51625313396572
-0.668962281643445
-1.31770488759444
-0.70384178912884
-0.702998782086628
0.441418040340464
-0.257556493636992
-0.167593136903531
0.0823207192473245
-0.425710093445584
0.177863782705807
~
-0.653239469121156
-1.51902014022712
-0.670991592675124
-1.32176126045019
-0.704992926426375
-0.704435995082933
0.43540311267819
-0.2556317548031
-0.171997327439837
0.0807730975225936
-0.428918623779284
0.179003532536089
~
-0.656623296324256
-1.52465954600362
-0.674310743459634
-1.32625978845701
-0.708153787530889
-0.707014871184531
0.427530157952754
-0.253170191265588
-0.103682525191843
0.0391327747642709
-0.432449563580521
0.17977661513838
~
-0.656189874860608
-1.52733864650123
-0.673402847856947
-1.32798588616958
-0.705594401441861
-0.709289345466222
0.426707121428399
-0.253569647247658
-0.154117399926523
0.0749395923644412
-0.424810995141453
0.179700561665534
~
-0.650507568311545
-1.52388969071185
-0.670541344699269
-1.32472730490011
-0.70219888393696
-0.707348535282472
0.424637119579856
-0.247992293961348
-0.163058542369633
0.0754432056249611
-0.409341647499155
0.177597938460077
~
-0.649442508859131
-1.5247597059087
-0.671550461121067
-1.32413305144627
-0.702361586863126
-0.703455090216098
0.421051933982411
-0.248659887459167
-0.216819224619719
0.102884072678137
-0.406339780714844
0.181269416878528
~
-0.656243312562249
-1.53262179156282
-0.677350001955533
-1.33276977682593
-0.70886550378544
-0.705551494319831
0.418005212268174
-0.250753222522118
-0.168570175898046
0.0874109495295914
-0.413796305795071
0.183726140112747
~
-0.656406296470618
-1.53343086931033
-0.677351693874416
-1.33393761748501
-0.706154060232577
-0.705364573698834
0.427465796372985
-0.253604171792653
-0.126718920814593
0.0686965665254389
-0.414712387391478
0.183485590139427
~
----
@Left_5
-0.618872254525544
-1.4982828477614
-0.660276513713044
-1.29746729899209
-0.722109749059753
-0.687813577326232
0.96633724574811
-0.426831226938937
1.32372280492261
0.0643657390680915
1.38584681792385
0.245171359372746
~
-0.619354897714147
-1.49944592318127
-0.659791357840978
-1.30004180067976
-0.722353494611974
-0.686797900891727
0.967786365805729
-0.426814537234082
1.32442755083165
0.0641065109886902
1.38535175526323
0.240676998173901
~
-0.61937198935896
-1.49915465916485
-0.659628780039224
-1.30007734888117
-0.723391698224712
-0.686469784798662
0.968942135986834
-0.426241397137088
1.3239444339118
0.0650910136419366
1.38513737673368
0.240243190170137
~
-0.620572618885072
-1.4936469295362
-0.658326430031874
-1.29802509684676
-0.722124273693008
-0.686413699004081
0.969156159269118
-0.425587884285311
1.32305228690991
0.0649780731863109
1.38549737985065
0.240106167472244
~
-0.617288996240905
-1.49628925402189
-0.657257081718209
-1.29884833982611
-0.721108407890769
-0.688135345571871
0.971108242856255
-0.424151634115044
1.32231758742803
0.064767292753009
1.38772634441979
0.250162577835162
~
-0.617549231320605
-1.49280253741617
-0.656635474011924
-1.29714057084997
-0.720397559308123
-0.686942531493619
0.97050674204888
-0.423430881320025
1.32060132395188
0.0643920719940027
1.38710261536283
0.250980900868633
~
-0.617035337778032
-1.4896134741518
-0.655338779969793
-1.29470111352128
-0.719817728096284
-0.686348460141468
0.969763611644233
-0.421450584453206
1.31708801848559
0.0635588574430489
1.38305658043101
0.248135708766744
~
-0.617857087111084
-1.4905702348491
-0.655453498861037
-1.29522082499447
-0.720461759419417
-0.686772856761166
0.971040268782376
-0.421100396574622
1.31805285361817
0.0635280754407546
1.38531940478328
0.251946607949248
~
-0.618015458744289
-1.48952830713376
-0.655937935187465
-1.29452246944677
-0.720382833597141
-0.685659156933942
0.971964806730511
-0.419975211024773
1.31818958867553
0.063588860591434
1.3870006927942
0.254307008056319
~
-0.617764825460991
-1.48666733538369
-0.655299936120506
-1.29239950987319
-0.71977188611203
-0.681704197822829
0.969900506035923
-0.419129657870494
1.31500167114313
0.0637365504553277
1.38462692748142
0.255351222525557
~
-0.618001569970517
-1.48620195291592
-0.656103815558852
-1.29164863415885
-0.719908217769815
-0.679884010578516
0.968057211675235
-0.419626037901813
1.31219169124057
0.0635484743823335
1.38132577697206
0.254875147134297
~
-0.61971599735764
-1.48617518942007
-0.657208209170039
-1.29114106168746
-0.720540784156595
-0.679111528234395
0.969735535584813
-0.418682409456573
1.31145684747642
0.063358056448522
1.38063651767556
0.255340105243359
~
-0.62096726415851
-1.48786385276068
-0.65879160427358
-1.29304388409082
-0.722049892786394
-0.679564741945722
0.968028338912985
-0.42108143425581
1.31588795085795
0.0603407815817751
1.38259306696857
0.253326393627648
~
-0.621587684345413
-1.48637952271168
-0.658536943670289
-1.29081276626502
-0.722660786487556
-0.675131840990513
0.966009483263222
-0.430345736817355
1.32596126172363
0.0401652687847672
1.40036128530004
0.229435432283028
~
-0.622214625260086
-1.49170750101295
-0.658323639475307
-1.29431949564279
-0.723621617252512
-0.67847031083703
0.934205018467114
-0.443209835086776
1.33217394369149
0.0211377848315504
1.41183487804146
0.194217271796702
~
-0.63914203822798
-1.48251657656815
-0.663266921003403
-1.2981331865784
-0.733533335526657
-0.675597197828855
0.891274644932757
-0.444895726870012
1.30753426255647
-0.000543696338775512
1.40113194411631
0.151196958252815
~
-0.654706873595552
-1.493266490875
-0.671032949325294
-1.30849734535438
-0.747324677266691
-0.673005481377727
0.83038670374264
-0.527469393020555
1.26051934492538
0.0708699400314586
1.36793831054318
0.227030336782573
~
-0.663403469150809
-1.507112145538
-0.685075674289472
-1.31467521573264
-0.756688815486097
-0.675756310204181
0.887743830149294
-0.317230012911527
1.13602342777147
0.199378965289459
1.23101834353742
0.309031085859325
~
-0.696950989184689
-1.52352016524073
-0.714472741889211
-1.33143236750126
-0.766014881591694
-0.701263490097492
0.796033210216766
-0.301472042157191
0.866633122211029
0.25050243185937
1.03803681344781
0.43974914357037
~
-0.744621778449337
-1.69921913901349
-0.766358301552727
-1.48131268473614
-0.816826246651874
-0.781260122855578
0.773071203182327
-0.297974578207348
0.633315015848309
0.249731846285415
0.624497030154493
0.406242434649326
~
-0.689622791425808
-1.47020775188386
-0.707148224154777
-1.28594591098796
-0.748470317784064
-0.698517840273138
0.390523479273433
-0.192746942045961
0.143012581586638
0.233449663055619
0.105364063723408
0.293275664318777
~
-0.664177153917535
-1.50199574140594
-0.683107399324794
-1.31113904186793
-0.721503613147933
-0.702778787979719
0.429637774392121
-0.238698200399684
-0.00976473834420641
0.0170074983121031
-0.201761172364547
0.113619607283276
~
-0.605194731926999
-1.47280251215627
-0.621839168498981
-1.28225980094672
-0.662506496316943
-0.687248882361661
0.281151463002485
-0.209703114433602
-0.418646913028587
0.0214670643420832
-0.574344821012358
0.106399369118392
~
-0.624993214499882
-1.5602688260831
-0.6489487109857
-1.35924056863346
-0.689977233547398
-0.738194635919719
0.315866282583243
-0.242011043990979
-0.469024917869117
-0.0965053336364744
-0.699102238649738
-0.000293083437917341
~
-0.640280003920785
-1.60416491718346
-0.663407705472876
-1.39834308302057
-0.70959501669294
-0.760194738371428
0.314267527894679
-0.273485900582403
-0.513176807008903
-0.149427383229259
-0.756849972580833
-0.0856724870962807
~
-0.647509645093502
-1.62341899493853
-0.671798908678938
-1.40836252036201
-0.721507011790084
-0.777696753020707
0.316331322418681
-0.297095290975589
-0.530881340447235
-0.168649396559515
-0.780158702822436
-0.109020816967265
~
-0.664992245420243
-1.63629571167283
-0.684025493179513
-1.42312884262427
-0.72855249706984
-0.783903070944735
0.311195635263861
-0.29537550734544
-0.535837136537103
-0.173563041222357
-0.774704002640562
-0.111274032218425
~
-0.684337941414967
-1.63351639343632
-0.701589224817529
-1.41918843243968
-0.736491534429861
-0.793498933408799
0.308881783606233
-0.28530875007374
-0.532330185720483
-0.137826232871847
-0.812734179304871
-0.0886653861869188
~
-0.687029874537075
-1.64531881454342
-0.703784270202859
-1.43202052558694
-0.738790508229194
-0.797553173058356
0.311449632155603
-0.274565444103445
-0.527677531592147
-0.13622795940471
-0.807386650803747
-0.0901154607034246
~
-0.687275977849695
-1.64013528075929
-0.703679903147894
-1.42869049135548
-0.736436170213876
-0.796188652992606
0.310469620218463
-0.259857145229602
-0.491617743195517
-0.122174662561782
-0.758980167448021
-0.0762804941178028
~
-0.682896091083563
-1.62762966565954
-0.699052513340739
-1.42127244479734
-0.73092278898441
-0.794459431688655
0.306714195653817
-0.250659578029471
-0.347182640019565
-0.124917958787044
-0.568653484180055
-0.0805950885391038
~
-0.681704172673195
-1.62135555738448
-0.694347868569873
-1.41926734460238
-0.727370669395083
-0.793822105129357
0.306235579115519
-0.249676812055216
-0.495843254530199
-0.0949804429358889
-0.679161605814123
-0.064817389240541
~
-0.675260439226688
-1.61224610771876
-0.688734300929168
-1.41052003251321
-0.723449468969108
-0.791757505900136
0.306644274943286
-0.248439748250246
-0.296968538409485
-0.131463376603427
-0.54704166886295
-0.0838128723389629
~
----
@Left_6
-0.689057722662145
-1.52255384329793
-0.721486019774044
-1.31451172708739
-0.79216233604991
-0.680547234518299
0.688080079298707
-0.50843757736394
0.908181954850114
0.00808275387824165
0.966553049822472
0.15056490298708
~
-0.686019608799147
-1.51957617694746
-0.719663436216735
-1.31332277292669
-0.789766455501732
-0.680726782527671
0.691538705431412
-0.509593160959549
0.908275941721794
0.0075382838830516
0.965458509479606
0.149139447992496
~
-0.68516290941127
-1.5208173089421
-0.719038045888955
-1.31366842604855
-0.788725027320237
-0.681764165550393
0.693338286556542
-0.508124783771822
0.910518662693162
0.0083000306199795
0.967393658224763
0.149839977597772
~
-0.685232382122793
-1.5244136229416
-0.720189328721507
-1.31600915429484
-0.789645675167889
-0.68297983783573
0.695505565004251
-0.50935090791598
0.913810963385356
0.00950013569189147
0.970817611770925
0.151329042113803
~
-0.681004164494685
-1.5171955842948
-0.715975260975207
-1.30982649143256
-0.783945335839386
-0.680274358213242
0.692738471480367
-0.50698603947418
0.910200800982315
0.0077998532119077
0.967503441135614
0.150690850917025
~
-0.685259028145074
-1.52367526697324
-0.717824639573514
-1.31357064593025
-0.786462290563365
-0.681285035403967
0.694530114162782
-0.50661717846568
0.914004569050208
0.0084035046829131
0.972224781176717
0.151608735114492
~
-0.685473487165212
-1.52616127693153
-0.716639916094606
-1.31462048402297
-0.787075624839377
-0.679810824398748
0.69155724232076
-0.503901815414527
0.91405300977769
0.00729513238785595
0.97264510658191
0.151086458709157
~
-0.686072159968546
-1.51916531521959
-0.718374628987019
-1.31149636866871
-0.785825761189496
-0.677553556096589
0.691362237026427
-0.501986546389824
0.915380901742132
0.00778365323028047
0.973585153816858
0.151912846971487
~
-0.693463552100213
-1.51452996681095
-0.718616556879098
-1.31198802815745
-0.788035416867882
-0.675337418621311
0.688651350268958
-0.503282566953981
0.915017798078931
0.00628235817119675
0.972905430030336
0.15048579014426
~
-0.694832159277808
-1.5163224856671
-0.719717694260022
-1.31356330678147
-0.789769633270954
-0.67475435672037
0.688278932185653
-0.504043729329929
0.914894499788457
0.00391062445898933
0.97399209090221
0.149383425505463
~
-0.695365206272705
-1.51789497265732
-0.7209392734706
-1.31324243486081
-0.790191003396779
-0.674899185798933
0.687724415008474
-0.503682211997111
0.913423273932707
0.0016797778572599
0.973998429979848
0.146796681107134
~
-0.693573800944142
-1.51696845773579
-0.719861733651887
-1.31208971173599
-0.789175410646203
-0.673798931817732
0.688723552728584
-0.504921042483986
0.914172679659161
0.0019039294018484
0.974062511650593
0.1458453962838
~
-0.693033226478171
-1.51642864491459
-0.718418946115399
-1.31114827111103
-0.78800894401031
-0.672270642877297
0.686789150466676
-0.506108188890016
0.913004757946571
0.00038353860841025
0.974674179797785
0.145482095276128
~
-0.692038354394277
-1.51618792519532
-0.716749286721777
-1.31092168394651
-0.788899599150143
-0.671250771337785
0.688314893517884
-0.509088811907687
0.913750611645066
-0.00110914480724605
0.97769465943006
0.144567031759575
~
-0.691631007694778
-1.51700742606699
-0.719166119696905
-1.30834549192682
-0.789253590390658
-0.672204265331676
0.693011133516717
-0.512527839474355
0.916047618815388
-0.00470644374349052
0.982074971278662
0.141568099621932
~
-0.690961589497722
-1.51663224814487
-0.718603932158121
-1.30798635606366
-0.7885150718954
-0.67245748578154
0.692585313745624
-0.514323536668993
0.926936626543889
-0.00593466919037115
0.994011746171395
0.134549685582558
~
-0.688302085705486
-1.51695778342183
-0.715664146873289
-1.30925724025076
-0.785342611063011
-0.673650193545266
0.691796870150519
-0.512782073499602
0.952141041142308
-0.00944438892232621
1.03923120172854
0.133655949918056
~
-0.688834024191052
-1.51897107636604
-0.714736039361716
-1.31601013731966
-0.785875319145081
-0.677061785093687
0.629560242213017
-0.515184112954614
0.976442856140269
0.00465629988572471
1.10026888410291
0.159289338354704
~
-0.699987862486791
-1.54668877821004
-0.720627499943986
-1.34396519422208
-0.793397091587249
-0.691143744361133
0.659203827016153
-0.391758185053426
0.819955772147652
0.133360065147531
0.86170794708459
0.308128156170882
~
-0.752638103547933
-1.75421920941243
-0.763747044350141
-1.52666844852452
-0.838346259588887
-0.791572975497407
0.741255767674389
-0.326037964043606
0.675484837159956
0.282685987560886
0.649878206456854
0.502654402360102
~
-0.724112811923262
-1.46651677521479
-0.729609563154307
-1.2834998132643
-0.777427126287788
-0.68774822945193
0.386903043185479
-0.12848381816458
0.119388745294543
0.343957128179038
0.077431755685478
0.447840679772108
~
-0.695064128880958
-1.47944077830835
-0.712648748341227
-1.26388545630254
-0.743621967027787
-0.692497877590617
0.419661507225486
-0.168827201223466
-0.0377086604183781
0.200243683048292
-0.227475767261801
0.294388395606137
~
-0.653023607137863
-1.4333696507138
-0.682312414204299
-1.22346031941675
-0.722921833422047
-0.649229822395852
0.351238286066379
-0.120434625619357
-0.253066772600311
0.0608211162272431
-0.445437006277001
0.156898678489673
~
-0.603286770008384
-1.38571553086944
-0.641838146680403
-1.18230167023014
-0.708128216168211
-0.641987445429347
0.329172320103365
-0.108741578816879
-0.233617825726785
0.0492659476559033
-0.453802889259828
0.108943542762351
~
-0.582583037382949
-1.37256848271455
-0.623626202093253
-1.17503460635126
-0.699089988025182
-0.647789850280156
0.329128508872856
-0.112024151908545
-0.216863660291124
0.0267522517156416
-0.435276501790929
0.0957975621448435
~
-0.58231415975223
-1.35729725048963
-0.60999764727547
-1.19229595122904
-0.68432443307965
-0.657401824597351
0.330395590095021
-0.114544084477751
-0.215619237359401
0.0278787420426456
-0.43638865446526
0.0948756490294473
~
-0.593291549464653
-1.38446435552606
-0.622286186207649
-1.20179087957485
-0.689173652510717
-0.661047208163112
0.328036382832776
-0.110032288952587
-0.223215229477574
0.0331396606850112
-0.44618099531227
0.0978630404509231
~
-0.630800989168793
-1.42333319613561
-0.646589183160605
-1.22332475991841
-0.69500943907936
-0.661719525752719
0.325966828416057
-0.107637232489998
-0.236923702866745
0.0434577169824632
-0.454361368937081
0.103244620476694
~
-0.666028986595653
-1.42400858307148
-0.66870321806638
-1.23766155310068
-0.693238263514887
-0.662084104771335
0.325357890708597
-0.108872993709447
-0.238422127604562
0.0471754157966982
-0.454677129444721
0.109039968618005
~
-0.679702038880026
-1.43608134916511
-0.693982573140025
-1.25251929303984
-0.698714813988109
-0.661453189328613
0.323949853113659
-0.112408153389801
-0.241200598594087
0.0462670249777044
-0.457648515969815
0.113011404495595
~
-0.68174348776476
-1.43904463392757
-0.697056150613715
-1.25524577725688
-0.701573009437403
-0.66127414337754
0.326303226559942
-0.115736974191377
-0.23642715388739
0.0478239183485486
-0.454117753255086
0.116736722399032
~
-0.68318020489805
-1.44123824569198
-0.69765484784464
-1.26140959597169
-0.701607127694345
-0.665698823736717
0.327180689726066
-0.121691858935575
-0.214903881767167
0.0662171404088278
-0.443330487454715
0.125777653965792
~
-0.675710282281795
-1.45111688279343
-0.692378129507347
-1.26574131253126
-0.699523154738346
-0.670190317904239
0.329407886722139
-0.125901489273066
-0.214788730821639
0.0649047940218501
-0.441440088973002
0.135625874576409
~
----