@Right1
-0.653740781132244
-1.52024608268036
-0.668520144911557
-1.36819427411161
-0.702447678127493
-0.774601021576295
0.725733271903629
-0.748318569251289
0.711260237774934
-1.3316139603383
0.697063308303404
-1.48579213448413
~
-0.666835680141738
-1.51566573544697
-0.677453777586169
-1.36934127661937
-0.706642631690713
-0.775162533543532
0.72032811765786
-0.730994067371353
0.641749191092427
-1.20491908305767
0.562428340681404
-1.37102508039158
~
-0.668882278200225
-1.50035231425503
-0.678824590467446
-1.35576794959849
-0.70352736319444
-0.770756677710795
0.738936297254893
-0.52949116715483
0.503177513922199
-0.875504338184662
0.35089366541229
-0.950001410837277
~
-0.656285309312023
-1.51463636898714
-0.677550668586136
-1.35256409894434
-0.706607222683261
-0.767353700451006
0.751199646677643
-0.365678356150146
0.12030930215336
-0.338694658090673
-0.0899874939217457
-0.329700092526068
~
-0.637478963463036
-1.51447327575635
-0.658384406216015
-1.3531782348382
-0.688025266392393
-0.768082992561315
0.658735184061464
-0.171311097212212
0.224202273782343
0.143246974194612
0.0921363103524371
0.269890074343283
~
-0.72409349118665
-1.58690519327601
-0.760525549915159
-1.40193194648452
-0.803602358973885
-0.786667724462542
0.914590845139646
0.177352854296048
0.674232236286673
0.727424416721287
0.582558963831739
0.914801809520246
~
-0.692310419670838
-1.45903564395679
-0.718802104180798
-1.30431787454071
-0.747853458148929
-0.742763751066588
1.11609952585459
0.153200793181792
1.30167330390835
0.729424085524764
1.34768500790834
0.982924186588457
~
-0.690801579901377
-1.43829345896444
-0.71367285330362
-1.29276638690726
-0.732119718270117
-0.740029594730089
1.2267478657467
0.0274983754904127
1.74134628950952
0.369623924608802
1.91288147756141
0.555421027366698
~
-0.695456329830163
-1.43958433083887
-0.721643051008378
-1.29933346508043
-0.726320784034566
-0.741194161526376
1.20104037503061
-0.0377955737163162
1.78306523450724
0.132189003063901
2.01327634983299
0.38132345668597
~
-0.698336259297009
-1.41924451959306
-0.724494588895276
-1.28056607641648
-0.725848997130672
-0.728499106218333
1.17440131261033
-0.0867236568719503
1.73578955120434
0.129137068885199
1.98529281009426
0.357687510924342
~
-0.693006265245979
-1.40845479535308
-0.720251293370035
-1.26570595236626
-0.723969754033488
-0.722031751527654
1.1642652995881
-0.0961166268156592
1.71992872883722
0.126555892477612
1.97207686407882
0.35017603792005
~
-0.684845957727779
-1.40516307751989
-0.712097870032876
-1.25580570473721
-0.720847324195894
-0.719869078390455
1.15986472576466
-0.0992012739600647
1.71195961359344
0.127372865446467
1.96913711682648
0.346955004782685
~
-0.68288399010783
-1.40871232739836
-0.709381464298463
-1.2625065304619
-0.713895958568568
-0.725628038534629
1.15525792046761
-0.100758822671282
1.70773433907371
0.121977181702931
1.96503062392944
0.341897474466228
~
-0.685032195949667
-1.41754382327462
-0.711275205150137
-1.26757835296599
-0.71171961315941
-0.72919630797014
1.15112573452265
-0.103271225992772
1.70323433150531
0.117382484447086
1.95841196964375
0.334468841457561
~
-0.689254405277494
-1.41989356291544
-0.713422101059886
-1.26817354072731
-0.713579761877629
-0.7282188112646
1.15102623768629
-0.10109109883651
1.70186345950311
0.119479307134385
1.95971598618849
0.337400335796384
~
-0.686705703251737
-1.41251111626327
-0.713176469681769
-1.26571367499189
-0.71136729545018
-0.727815241187658
1.14987892030948
-0.101698031714693
1.69697173525225
0.122754120115413
1.95713077464269
0.337071975690232
~
-0.68553152036615
-1.41253239777773
-0.710331083727258
-1.2649361153112
-0.710438694134574
-0.727654320915693
1.15147117413229
-0.0940666752699394
1.69756311535199
0.124975219371451
1.95778974785861
0.338379818659737
~
-0.684941677825708
-1.41357955859087
-0.70897034387551
-1.26506424380282
-0.709685090240668
-0.728191889139827
1.15213939207808
-0.0954874800626026
1.69728186254154
0.125303454389675
1.9595326423911
0.339243203629756
~
-0.684331789010685
-1.41471144897075
-0.707001504990301
-1.26708455553793
-0.708644025308433
-0.73050205911135
1.15622679007594
-0.0861429843945028
1.70229111587776
0.12509558137156
1.96271023696882
0.340367783802655
~
-0.683417019233576
-1.41935503143746
-0.704386860438587
-1.26812645868005
-0.709688276999391
-0.731251051803493
1.15815398066805
-0.081704756340777
1.70445645610646
0.124935937642729
1.96352461586245
0.340935118416771
~
-0.680158729828934
-1.42147675634651
-0.701973961687497
-1.26690529597306
-0.707728781159187
-0.730939242590216
1.15893943521719
-0.0792971567971686
1.70364369143053
0.12439848632528
1.87791157431566
0.297122395276277
~
-0.680098715202723
-1.42105286271001
-0.701843999835301
-1.26800464651404
-0.707460376645577
-0.732475822581736
1.15429467335231
-0.0969776882381122
1.69702377525394
0.122529135478493
1.75509072828379
0.217262739224378
~
-0.680703570146238
-1.4211816584523
-0.704287708014581
-1.2696006240425
-0.708178266850526
-0.734718231695436
1.15940472473075
-0.0865602565511596
1.70277117385096
0.124706464080872
1.75720597468328
0.218501954898045
~
-0.682520503637851
-1.41648769145656
-0.707001944465257
-1.26847775405971
-0.70859055269169
-0.733620392709906
1.16078968043804
-0.080974127615016
1.7041292838792
0.125467519051065
1.75778788869619
0.221813882735912
~
-0.684120670514733
-1.41023517713129
-0.709168444873281
-1.26745661753896
-0.709077454352449
-0.732072789042319
1.16171759704819
-0.0773408747918998
1.70486664119639
0.126096635783045
1.7583073564633
0.22356353342604
~
-0.685818849769535
-1.40850786381558
-0.711483642379046
-1.2625676265174
-0.712136189097795
-0.728913991386991
1.16196555136932
-0.0735546727521967
1.70461116587492
0.12594065657711
1.75947864699991
0.224680235632995
~
-0.685872828723338
-1.40920300126248
-0.712056099282694
-1.26380898045871
-0.710266325052298
-0.730296081099332
1.16180403368275
-0.0727986503152808
1.70442482248063
0.125348744207263
1.76145042947674
0.227179918849946
~
-0.685560507085768
-1.41117991652193
-0.710371664722205
-1.26479339886287
-0.710697738174529
-0.731688323159559
1.16083290201753
-0.0728322252662069
1.70292032377478
0.124523483221588
1.7613126562758
0.227555279630213
~
-0.685350000321352
-1.4121614824558
-0.711343228526017
-1.26485862175898
-0.710531621283906
-0.731414864873637
1.16283997265651
-0.0723239598081791
1.70434261734158
0.126412344715029
1.7629470748447
0.228422996258138
~
-0.684490357051514
-1.41211764212866
-0.710690810570526
-1.26115826209447
-0.711731174205206
-0.727796932084194
1.16162986157607
-0.0739263175593327
1.70263352531251
0.123545282798437
1.76248937807087
0.226913036256274
~
-0.684919696550014
-1.41223996026659
-0.711527887456649
-1.26012582128273
-0.711846199163508
-0.72603929107793
1.16072092570854
-0.075313910662786
1.70153839804991
0.122538874101965
1.76391274520139
0.227618067319648
~
-0.685034084912013
-1.41198671860393
-0.711168357713105
-1.25951634120668
-0.712622393112845
-0.724941485971107
1.15995918452666
-0.076076075895095
1.70044986249784
0.121907440730261
1.76482001295877
0.227643149958047
~
-0.687516773633954
-1.41332260503638
-0.712310549316488
-1.25660690025376
-0.715813418124971
-0.720359320341624
1.1605976390973
-0.077577171291852
1.70120645033085
0.12018467495622
1.76605833205524
0.227367567178404
~
----
@Right2
-0.642526087742208
-1.51321551933284
-0.679912517817082
-1.36364244576496
-0.692542010586425
-0.762024414218133
0.700303178938803
-0.739278585240585
0.662532602649663
-1.32833357788326
0.607611870072819
-1.5090983808333
~
-0.645563343654732
-1.50498033771973
-0.682483713155881
-1.36478701102548
-0.69639350330018
-0.762476384992332
0.697349254968342
-0.740065295292688
0.657335776219759
-1.3305355823474
0.604721732682007
-1.50821994121972
~
-0.644288033073103
-1.50288302226155
-0.681990578320696
-1.36224594785162
-0.694835980603517
-0.762239167264686
0.69583426529126
-0.716199577302442
0.628370995490442
-1.2492703535431
0.543513410255252
-1.46841086212908
~
-0.644129709202075
-1.50195542484022
-0.679158038466427
-1.35470875165224
-0.691788499590262
-0.75889349800674
0.689679169248389
-0.547988318455855
0.458662706729354
-0.898888202700222
0.299866721973709
-1.01355193105673
~
-0.644960140393126
-1.5486787658954
-0.657708031316772
-1.40564338446864
-0.688207547345447
-0.798386050960845
0.687244960532621
-0.411653681676408
0.188878772020298
-0.428696306867661
-0.104670572046929
-0.405848374559851
~
-0.641845634996097
-1.64568979225892
-0.654213261079293
-1.44843094568235
-0.679724856046216
-0.835601789312658
0.692152485809955
-0.351862946686327
0.0488493047081604
-0.297924802915538
-0.137043300627464
-0.285030382471302
~
-0.624761582578445
-1.62825324863626
-0.638061984491032
-1.4358854986486
-0.646088497569041
-0.835930137969961
0.577889006015498
-0.185512859079639
0.10973134945728
-0.162668860397915
-0.153018873748328
-0.0711361811802813
~
-0.651359675592777
-1.67891765434035
-0.670552076109668
-1.48229331475279
-0.65697456553817
-0.846572046849468
0.524380212563929
-0.204643925350201
0.0713498600156597
-0.142030531960024
-0.126968994979995
-0.0360981640519775
~
-0.665743541801139
-1.73196886127755
-0.688828023838235
-1.53457765995262
-0.654235557015546
-0.900581001789243
0.683377980992986
-0.211185159107053
0.312616741352356
-0.079456667389513
0.0918612371322919
0.0383586805359441
~
-0.755872736895472
-1.75623732043598
-0.77208169215401
-1.57491445379339
-0.73316522695774
-0.874445741459856
0.748032664803589
-0.0391137352264901
0.452780525286324
0.152918253554494
0.350768407643061
0.231652076218574
~
-0.803576171741065
-1.80687199025849
-0.808828841910732
-1.61020277213086
-0.76705103010825
-0.90291966545152
0.766722908317079
-0.0906785623096704
0.633273002987954
0.146855939866004
0.576602569807392
0.234901799782217
~
-0.753464718578342
-1.70168834903538
-0.783542961100825
-1.51791421066
-0.749353391848157
-0.856256314669028
0.816452470782215
-0.0520609534690073
0.856897631703401
0.134037397502636
0.812054306173751
0.23716001081966
~
-0.73993235243625
-1.62262313260489
-0.771608381538104
-1.43377398152518
-0.751331537950414
-0.81033061781777
0.872674765303149
-0.10417688801245
1.07064035319544
0.0703696791944493
1.07913614035096
0.192944623384428
~
-0.730422450253413
-1.57966940431627
-0.760761128003596
-1.39167919331291
-0.746065471570289
-0.784588863596656
0.901509535690388
-0.100268208810541
1.20292015909697
0.0770201059276114
1.24352211334931
0.193371166422078
~
-0.724068413790457
-1.54067088809083
-0.750525763567186
-1.36130340731913
-0.740989313469716
-0.768081661646795
0.955494256421618
-0.113078384262859
1.2842570041504
0.0789079896980845
1.39579114217831
0.192919742594937
~
-0.717080997539891
-1.51077972580921
-0.743049491799143
-1.34102351961069
-0.739484087255341
-0.755451830253468
0.981327532057385
-0.142774510947973
1.39531889695613
0.0625348904891414
1.53450236952105
0.17159837508865
~
-0.707181770464323
-1.49470677152407
-0.731482006512349
-1.31950843647886
-0.734713557922111
-0.74302785614845
1.00996402068104
-0.16139597803774
1.45790325063739
0.0306604006367384
1.62861740088392
0.142594425691141
~
-0.700986645020378
-1.48546773805013
-0.723470432248417
-1.31222060553343
-0.734567855440117
-0.739486888862723
1.06254921326537
-0.134987234536913
1.55151955576927
0.00246719183500118
1.7037134423457
0.0864749402441968
~
-0.692288705653839
-1.48192946258233
-0.71535991201144
-1.31103720800156
-0.732579956490849
-0.740954579860443
1.07507999861508
-0.137237181370111
1.57407945076085
-0.0108363082711067
1.72903275236578
0.0778801463565141
~
-0.684060882461236
-1.47348360618357
-0.707012268312525
-1.30299722391048
-0.727185170701924
-0.737631398964256
1.07697611060514
-0.139412148285029
1.58048166032918
-0.0124885424375006
1.74327843243119
0.0751933649647882
~
-0.682503337702912
-1.46275490988339
-0.700059992474696
-1.29657285270569
-0.720779040160321
-0.734840469457324
1.08120592243004
-0.138512086351386
1.58051750372614
-0.0108544204201616
1.74929367848873
0.0794733510082586
~
-0.677669950803889
-1.45684490513509
-0.695973660865825
-1.29017704157432
-0.718640471188032
-0.729848932985378
1.08367922972231
-0.134300340608495
1.58020713463131
-0.00630235377829354
1.74882997708732
0.0865607791846881
~
-0.674913060072858
-1.45196443068895
-0.694792421673279
-1.28556616349335
-0.71561592259229
-0.72736690209632
1.08444479901223
-0.132518831479285
1.57777472985115
0.00344064103348773
1.74600067935694
0.0937896181129643
~
-0.674753909001337
-1.45094467699036
-0.701917014606986
-1.28223761112304
-0.720007787213959
-0.724389763384452
1.08507374722478
-0.131202433735263
1.57676406901308
0.0064846552492201
1.74472700440329
0.0982288214511355
~
-0.673292534952769
-1.44839898417985
-0.700671540370675
-1.27786526190404
-0.719687698236806
-0.721471244170832
1.08447106305893
-0.13040160319544
1.57470282593277
0.00854111332056636
1.74339919546034
0.10039662878523
~
-0.672051618878917
-1.44700245949835
-0.699278573321064
-1.27457984495338
-0.718824923984841
-0.719379007733734
1.08515409939519
-0.129557039840929
1.5740911457074
0.00937377499369256
1.74232987065757
0.103325436794763
~
-0.671066702698289
-1.44651410148979
-0.697955883856509
-1.27279348692764
-0.720871117048017
-0.718403681185346
1.08466626039069
-0.129462915747389
1.5715293918336
0.0113287749112267
1.74514103716901
0.106130664099153
~
-0.673672288402575
-1.44462503240359
-0.698101856227667
-1.27280872959155
-0.719931821378829
-0.718386835714314
1.08687303259295
-0.12831756838601
1.57099527423624
0.0134949746891252
1.74613896801126
0.109085887375901
~
-0.672334827507986
-1.44503557947036
-0.696807368339219
-1.27217839122308
-0.719260961689495
-0.718986614060121
1.08775180914092
-0.127054189846023
1.57070105247733
0.0160010731043248
1.74674399991919
0.111038732452265
~
-0.669423969228318
-1.44592488848881
-0.693074697684435
-1.2699678964991
-0.718643131798306
-0.718924177389502
1.08856592160737
-0.125713803420458
1.57362557030868
0.0123387608913791
1.74425951932757
0.112667974720427
~
-0.671684274937595
-1.44470999338131
-0.692981806883226
-1.26921607500598
-0.718972500929975
-0.718934539350411
1.08764421123272
-0.125548256527677
1.57172776812871
0.0113520574806939
1.74113714272376
0.112403965639046
~
-0.674039803544685
-1.44668842994244
-0.696177381022821
-1.2694012114497
-0.718775809535808
-0.718107366437707
1.08538397870664
-0.127390015467378
1.56850842081508
0.00958595244199249
1.74046808425029
0.112697733192398
~
-0.671424628120234
-1.44814150184087
-0.694683660616369
-1.26921611923944
-0.716660613629636
-0.718651859652865
1.08559197280222
-0.12885091062507
1.56664441146038
0.0110971659180496
1.74108228599607
0.113248201847575
~
----
@Right3
-0.619856373424172
-1.47014501491983
-0.630150000720454
-1.2903302957998
-0.66602227937054
-0.732887206348625
0.702412699481909
-0.690898414030332
0.653881322539535
-1.26980819748535
0.611340745975838
-1.46092569966791
~
-0.629028762493897
-1.49036020487212
-0.641536094563758
-1.29735469019865
-0.669602227606828
-0.734911688619025
0.699198953178478
-0.695031138685945
0.648097779720458
-1.27366432077781
0.608432007924305
-1.46468322291411
~
-0.636399080521403
-1.49497769347096
-0.645813484901572
-1.30270630363884
-0.668974919461612
-0.734732707592639
0.703080725803544
-0.698620068635303
0.647957951770469
-1.2753386351307
0.609576817552127
-1.46497461858544
~
-0.639419931367037
-1.49504695049196
-0.648432440091396
-1.30113636102632
-0.669775776796144
-0.732850884136393
0.700787072772336
-0.699934645194021
0.642804628049857
-1.2756913410127
0.604748576433352
-1.462431894346
~
-0.63908607132099
-1.49733405425156
-0.650761054472271
-1.30371897812071
-0.67285574597373
-0.734019546735969
0.700979896238417
-0.702029057333786
0.641495425454293
-1.27839445570646
0.60402991443539
-1.46666397745283
~
-0.640887297817395
-1.49660855575618
-0.653001726695647
-1.30306689181652
-0.673490127064428
-0.732918348577681
0.703922288589201
-0.699637998664565
0.635291642203077
-1.27123730133872
0.590308391644344
-1.44484226395877
~
-0.642526722633841
-1.49725624261278
-0.654182931895764
-1.29917474395996
-0.670950260580196
-0.732992627141848
0.733040703752317
-0.571910743442653
0.517450651077339
-0.993740872197988
0.372685369872688
-1.13156612578655
~
-0.642458223254987
-1.48724163727314
-0.656276532161919
-1.29003092907801
-0.669222812277631
-0.728185369499408
0.754883476237585
-0.410932607613275
0.24197451714903
-0.577270965354075
-0.00365886821342502
-0.581910669860323
~
-0.643545929085882
-1.55861293063188
-0.657461183705994
-1.35457565624278
-0.669258410980344
-0.778913786659584
0.707168272476141
-0.259765225181641
0.106113641354845
-0.278026673622742
-0.127429264624114
-0.22560458033584
~
-0.690987943637215
-1.60411225282234
-0.70117604217769
-1.40511050998789
-0.690450754989596
-0.734000066838523
0.757512869497876
0.109414078022482
0.131556755103333
0.282581007457514
0.0546195548923108
0.352193367242488
~
-0.767782736918621
-1.74768468140464
-0.771404751690702
-1.5489392658347
-0.735839263910609
-0.857117888162313
0.783809069479703
0.0460290093614494
0.69331718891393
0.273397590439413
0.646444207291115
0.338373205485249
~
-0.742901214004008
-1.65409559863159
-0.74887735168357
-1.46957046516165
-0.70724030331276
-0.836163878496951
0.951807338270662
0.0901383424579033
1.18218983508633
0.155247184991426
1.23096882660327
0.219639246960384
~
-0.778429990721373
-1.64928379528591
-0.781837656795309
-1.46486726202067
-0.747895931835577
-0.835718596884908
0.96198281374239
0.0687919900484231
1.3627009899437
0.131683319442623
1.45391409948201
0.176923410780427
~
-0.74987846797427
-1.6170681522394
-0.756392822404119
-1.43733098537711
-0.730441122663723
-0.822959251725505
0.975330853057841
0.0567880771618403
1.39682583275058
0.136521061536248
1.49458911716076
0.1772459514052
~
-0.724721108898649
-1.59098049238663
-0.739110274063076
-1.41349050368161
-0.716799196756809
-0.81035178933167
0.979414668634048
0.0559015341865368
1.41822937785108
0.156603980995243
1.48804591231395
0.182366710538698
~
-0.717212692416059
-1.57337218593919
-0.727701814993298
-1.39816547974687
-0.70740309244493
-0.80071542546681
0.976210766881237
0.0580219953799984
1.39648593980749
0.155637492525007
1.48191584253509
0.18232529576767
~
-0.704952576339723
-1.56298601328977
-0.717203625339087
-1.38885238478802
-0.701264027272608
-0.794755200926339
0.976984427185949
0.0561919174715011
1.38456958067026
0.150139573916824
1.48048516520672
0.176988572221648
~
-0.693838178383704
-1.55975561503595
-0.708409220237634
-1.38149695633985
-0.692948810521309
-0.793280200301877
0.979283206055939
0.0559277587837899
1.38627279246632
0.146416417200885
1.47697462983666
0.168388776052266
~
-0.693137076147376
-1.56695161420222
-0.707594113812255
-1.38179478964749
-0.691848339385355
-0.792435158895161
0.980342392634123
0.0530965538556689
1.38325711580833
0.144943367226859
1.4789872892091
0.167807658065253
~
-0.689122982730619
-1.56442760038113
-0.703450592212044
-1.37919343991394
-0.689094660686622
-0.791154568849329
0.977026377114604
0.0501748140531501
1.37197450058068
0.137959510687764
1.47368556326051
0.165359437583991
~
-0.685127592649987
-1.56395782358269
-0.698329778264974
-1.37806270577569
-0.684800434631035
-0.791135287979658
0.97473082826481
0.0466099726159387
1.36630416553622
0.133791046702061
1.47086172082351
0.162779992260424
~
-0.685645888769539
-1.55976287076009
-0.696387184085418
-1.37812613709036
-0.685090151705358
-0.791735372248289
0.973051280506342
0.0444224723248352
1.36209628131925
0.130710326024871
1.4675783151742
0.161440384863631
~
-0.682228511419636
-1.54525778750349
-0.691904362649181
-1.36806910585602
-0.679018707387252
-0.786721901957133
0.969453190804063
0.0432502044719563
1.35200655169695
0.130005276158096
1.46137191246318
0.162657533127701
~
-0.68562573763497
-1.53916908114639
-0.692595856692245
-1.36609454473592
-0.681077309388005
-0.783355610781299
0.966806587133335
0.0417831477050757
1.3466035219117
0.127276490422234
1.45861266645234
0.161370430728372
~
-0.691426802937288
-1.53346347693276
-0.700372553605837
-1.36074886936899
-0.683040105251356
-0.780266081385022
0.967423525212284
0.0453667281642794
1.34641655807795
0.128757637139923
1.46118692779872
0.165781589524265
~
-0.695034112883753
-1.52705558268015
-0.707859913305643
-1.35661180720215
-0.681760036148472
-0.775639644356046
0.969682896049016
0.0514368592958162
1.34852791824031
0.140787883816215
1.45465021089821
0.171043074787564
~
-0.697557122031568
-1.52643975518268
-0.710997420723525
-1.3548389291447
-0.683245563774219
-0.773640551008198
0.976125833196676
0.0543425400986722
1.35039212523383
0.141111980339131
1.44920820172024
0.174268598557423
~
-0.696228021843794
-1.52426284738268
-0.709324202638166
-1.35295968160152
-0.683437422187418
-0.774196666205178
0.965118982351351
0.0519599714203704
1.34324880921265
0.136174212697141
1.41307863928292
0.159795363553009
~
-0.694283862988862
-1.52190041496361
-0.70638794647048
-1.3500266404793
-0.682412845944895
-0.772460064119523
0.973531943788433
0.0564727125856422
1.34663587472436
0.133935484132217
1.41936104240351
0.167690419225539
~
-0.693427271132177
-1.52404176927482
-0.706070376306184
-1.35095889222853
-0.685107152313815
-0.771560788800506
0.974250782035657
0.0559554347315538
1.34467926255372
0.133967215334485
1.41483448028323
0.168273718579649
~
-0.690929564661619
-1.52517801559258
-0.704077289442777
-1.3511091160506
-0.684629630297043
-0.773268535697918
0.971585592897931
0.056314685821628
1.34399660627066
0.136370459096298
1.40761510023357
0.165060808685754
~
-0.686043786504147
-1.52541536703996
-0.698406710595911
-1.35116691949177
-0.682572320288292
-0.775028433137149
0.972352811648381
0.0558598435173136
1.34440286723569
0.136677311461152
1.41432370215594
0.167234627482968
~
-0.68822215575481
-1.53066341527899
-0.699774935040525
-1.35606547222886
-0.68425468141469
-0.777667172774784
0.973095383583774
0.0533923330877795
1.34555248504303
0.136673862626901
1.40937522891495
0.162219226699328
~
----
@Right4
-0.68024348994297
-1.50900988313324
-0.681124224724324
-1.33998659762361
-0.711422406171722
-0.756552558566226
0.70497876725515
-0.717596566698134
0.664623336853133
-1.30807461315739
0.634021207711097
-1.4830028200979
~
-0.671592520569596
-1.4944515412573
-0.678589467585685
-1.33011803458961
-0.708548985552918
-0.75249054593066
0.700073975089883
-0.711595543126535
0.652849558685374
-1.29753086746127
0.624213191164922
-1.46959111335291
~
-0.675844680331083
-1.49354515076079
-0.682956710153182
-1.33258574774711
-0.709448145332247
-0.755005028852523
0.701661579859599
-0.709902312390635
0.650761170583953
-1.295316239951
0.617582326918237
-1.47021207677593
~
-0.682412320460715
-1.49189831641211
-0.685407108222398
-1.33451727348776
-0.710399870518492
-0.756879152314552
0.701480101626262
-0.711309233057627
0.648181523717938
-1.2969042521606
0.619239867845921
-1.46592109411851
~
-0.658700716534817
-1.45728203705947
-0.661824319141167
-1.29781369284834
-0.686722204688319
-0.742614464923347
0.76638044414373
-0.377969392682465
0.346899231609859
-0.118156761725277
0.24474762659879
0.0248699697462142
~
-0.663533347969182
-1.47333427408519
-0.673821196803743
-1.30430451814892
-0.691656472576306
-0.731940384399863
0.725928651778487
-0.0594219280853902
0.281637822148106
0.379835804445686
0.173653473806825
0.639142549754502
~
-0.702343258145414
-1.66498222318183
-0.712949762458435
-1.47506615153691
-0.728882347659332
-0.860487355289309
0.775353139439865
0.362708363298105
0.286600609137662
0.847248677220307
0.162717600979754
1.11722943250236
~
-0.713034128107144
-1.72468550021642
-0.731404965929833
-1.47400637862083
-0.733519427895591
-0.863884850295569
0.840052895649042
0.4576224135104
0.399405621690494
0.973114948397745
0.243309667409101
1.2132113958384
~
-0.706961778798712
-1.59123619780202
-0.718904768119645
-1.40531877752897
-0.723325008212143
-0.829955424353112
0.899240749834053
0.530547023908891
0.688848815137044
1.1544599402935
0.553014580750642
1.39825612829484
~
-0.670466460453531
-1.47609048046282
-0.688358692526319
-1.30907972285706
-0.693657209588917
-0.771186483493664
1.13194800478551
0.334729536886187
1.50348447638507
0.813193327174918
1.59549250086399
1.05678610288478
~
-0.661776180384799
-1.45164641476078
-0.681590030377352
-1.28417084240568
-0.683025234509805
-0.751772299960161
1.18437345318382
0.227746321470395
1.69807652543047
0.510558828555646
1.79088706747464
0.582281866521036
~
-0.672015758537072
-1.45099627292956
-0.693242850210196
-1.28335512556456
-0.694581787964407
-0.748398544975473
1.19827576195332
0.178764495914065
1.72932928355347
0.436383527457155
1.88815916539542
0.555971474447118
~
-0.675229425786717
-1.43735949496536
-0.694187322557444
-1.2660132625412
-0.69444926700147
-0.734296377089879
1.16469292397166
0.141082393258461
1.69571667590107
0.385658695928714
1.87912226329078
0.52209887727902
~
-0.678020674106147
-1.44703676475493
-0.700143811268461
-1.27216056924749
-0.699981482127332
-0.737183418975608
1.16980693247844
0.134156884260328
1.70216535081241
0.381127793080855
1.88616494626723
0.514860193522348
~
-0.67213181805353
-1.44633442019172
-0.695521653703107
-1.268635839989
-0.698836061586945
-0.734363001397966
1.17812712848315
0.130867157984963
1.70578471934229
0.385405210529072
1.89822515269133
0.515485938833433
~
-0.671274338396701
-1.44403769848403
-0.693601816071054
-1.26704737999718
-0.698996983424522
-0.732919738416756
1.17190772667208
0.12524154508843
1.69702261050519
0.381688310609501
1.8876631133757
0.498921659121748
~
-0.673901444282234
-1.4460662661783
-0.696563060216116
-1.26908387935272
-0.701420126267925
-0.733816036354637
1.17184239715053
0.123920457434188
1.69757071057979
0.380779609452182
1.88832300623287
0.498454415759327
~
-0.674594944714624
-1.4468476340154
-0.697062773954784
-1.2692265367952
-0.702415107279286
-0.733666586218121
1.17318995269916
0.122598968618799
1.6967923686106
0.380856071644807
1.89140320828951
0.50100751440588
~
-0.675169278560093
-1.44892382693347
-0.697050992797311
-1.27146299695429
-0.703556711936332
-0.735332611764946
1.17467132791725
0.119530984877118
1.69785557567983
0.380101645877613
1.89483932969354
0.501448780223554
~
-0.673755524784933
-1.44733558382319
-0.697300746809998
-1.26900372755519
-0.703436022679577
-0.733365206840615
1.17700926962814
0.11886406033019
1.69767060668095
0.38233278224176
1.88981590446423
0.49909535737721
~
-0.676444756199499
-1.44657056069255
-0.699242947934728
-1.26795618436084
-0.705427271093526
-0.732661271364293
1.17584581551188
0.119325232320511
1.69541034047019
0.382777455737299
1.88406307964809
0.496861895393356
~
-0.678445150979846
-1.44695743186582
-0.701614016453351
-1.26890014913291
-0.705670638652711
-0.733036528489348
1.17178729843365
0.117216226615089
1.69041536272154
0.383178405309325
1.88971936722213
0.50302028948854
~
-0.679563692603567
-1.44737025065719
-0.70160389820536
-1.26805681357298
-0.705250043432957
-0.732714528624919
1.1725940384278
0.118820363412756
1.69060960488907
0.38501948605536
1.88406691712168
0.50803324973209
~
-0.681739811440317
-1.44830175259603
-0.703125262104064
-1.26877033453052
-0.70549501860271
-0.733092034077613
1.17281543414938
0.119388397488261
1.68835810624846
0.389478196033322
1.87818351386008
0.508075895007422
~
-0.684090942866072
-1.44856395335527
-0.706233142652469
-1.26986070138211
-0.705688714394333
-0.734442484579852
1.16917314134648
0.119299648885078
1.68446921480858
0.391882634103735
1.88203148444514
0.51374506775453
~
-0.681836782679975
-1.44499169790797
-0.704952902823485
-1.26636472570614
-0.702306856638441
-0.731882759525796
1.1586838218993
0.120029193915197
1.67386588591325
0.39152890102275
1.87749221204549
0.516117131590207
~
-0.68378173592292
-1.44708634816706
-0.707896675798565
-1.2679595457519
-0.703655844816351
-0.732498522803622
1.16192304939562
0.122130220271181
1.6769925603067
0.395805549181895
1.88146979364913
0.520456423480823
~
-0.682180984751891
-1.44473913747795
-0.706833322063642
-1.26483287253994
-0.70259212233702
-0.729920214295096
1.16200763884428
0.123100745722396
1.67793288177963
0.39923059599457
1.88064321426133
0.522046359072253
~
-0.679594017143811
-1.44464589398818
-0.703858788181939
-1.26202105105573
-0.698427163161856
-0.728350374956261
1.16296469558721
0.123390728324247
1.67713251145061
0.397283841102643
1.87862456951509
0.523385991168064
~
-0.67507998729257
-1.44811167115894
-0.695954007973037
-1.26017100515923
-0.696363687898922
-0.727637702340277
1.16535363617066
0.125507788527571
1.68522462916298
0.404183704995817
1.88137846799881
0.526938113851002
~
-0.671821458048453
-1.44249350014555
-0.693709013338697
-1.25812945428435
-0.692794995385627
-0.727202414036454
1.16227546586582
0.125356983207353
1.68355636103616
0.405671533603999
1.88056780435077
0.530014986226717
~
-0.666136824164705
-1.43513640920602
-0.687506829476442
-1.25392576757214
-0.686336446390531
-0.724391594902632
1.15362260923854
0.123711990515632
1.68005452812737
0.404783052457699
1.87611254352088
0.529315639004478
~
-0.663705737100768
-1.43380932703393
-0.685700781761704
-1.25337322336205
-0.685592649148776
-0.724135875716337
1.15823606529554
0.130202596191363
1.66422659514537
0.403456290366986
1.87536905358751
0.537121751813143
~
----
@Right5
-0.684773374341219
-1.47218832407759
-0.692870181754848
-1.30069166428167
-0.709496373498238
-0.71974322410226
0.689829494894088
-0.72218330263304
0.642083019208816
-1.30926336731658
0.622473208686277
-1.48250182557032
~
-0.688659708128123
-1.48786303099776
-0.699380133253226
-1.30495982054758
-0.715247236048949
-0.722743562155433
0.693078010829976
-0.719724565619002
0.643529817342793
-1.30755282423626
0.621687140691153
-1.48708798161798
~
-0.672026442237988
-1.47398477441472
-0.683953047238145
-1.28771780987829
-0.704124175006633
-0.711238288767537
0.743376954493688
-0.542607134831438
0.376090664826542
-0.777465887250602
0.258210597915391
-0.857224825372257
~
-0.668993340902157
-1.48536127100068
-0.680439344196485
-1.29500876556679
-0.701410037080558
-0.715025541523965
0.74735890587015
-0.434162268231282
0.237316950659895
-0.477917108783377
0.0327694923545451
-0.43371869277001
~
-0.671843201110642
-1.55262437927035
-0.689087792124859
-1.34904663953411
-0.703736675706253
-0.761173138314026
0.737548308266184
-0.274469255015998
0.0728804100820639
-0.0305756936052356
-0.0608874477529858
0.091854996413115
~
-0.73728507601605
-1.62115104191858
-0.758890508147349
-1.41039645042831
-0.76250597430339
-0.801540835650157
0.755331724832925
-0.0452349816552528
0.382915583419803
0.344788620833812
0.34348054723638
0.461914327691013
~
-0.704960928601433
-1.58265730067367
-0.722990709090771
-1.36857235976866
-0.728625850575207
-0.775281792287986
0.929569743503958
0.0867934822046747
0.991383423707974
0.484196338789648
0.957184868968363
0.62547580623267
~
-0.695657730126514
-1.5483570345644
-0.713330330822331
-1.34667011453723
-0.712198379900059
-0.764466937553993
1.13640276328145
0.0933867698861221
1.56235640626291
0.282323815871172
1.7107480497163
0.379598623850959
~
-0.691150134926144
-1.52830671415207
-0.704898996547562
-1.32963516570397
-0.70357696020531
-0.753340261697335
1.14379680861761
0.0443914120502487
1.67237486149038
0.134854931385563
1.81274600084231
0.216427557539278
~
-0.693678387808115
-1.50991176177175
-0.710724695243643
-1.30746410929283
-0.710499835168013
-0.739595844078703
1.13729878083886
-0.00359545375873038
1.66676140239179
0.0633274519097814
1.81259910190454
0.0921318963484641
~
-0.674759491485253
-1.47173094528369
-0.697835460699791
-1.27509103352648
-0.709697088503024
-0.725078220924101
1.11918356486475
-0.0227870140377017
1.64310453934035
0.041494051317485
1.79132893624589
0.0779942420659384
~
-0.667543859561497
-1.47222744666654
-0.687519705016136
-1.27562310819976
-0.706981518797507
-0.724558445222411
1.11318853485291
-0.0238261689433218
1.6346961047757
0.0398580937337211
1.78799623366161
0.0771528460535679
~
-0.665506887810911
-1.47679535596265
-0.685580189039788
-1.28025316279036
-0.704429188204967
-0.725080694705588
1.10650199846359
-0.0264840290059208
1.62601542677051
0.0370588639682903
1.78170863670217
0.0758889721873018
~
-0.668168568221289
-1.49074189352517
-0.68788571826589
-1.28640504549547
-0.703605944990531
-0.72621411409571
1.10645502960278
-0.02650506912048
1.62404595098623
0.0368342683546612
1.77563889543893
0.0747719667464727
~
-0.67194370255893
-1.4929968531892
-0.690573472791155
-1.29052211109325
-0.702272309287552
-0.729174351530912
1.10600833999695
-0.0273647967403271
1.62132659983497
0.0349030422156392
1.76606001039225
0.0712385779673319
~
-0.671190173591494
-1.47559706847976
-0.692523862411857
-1.28367431623908
-0.698908660304886
-0.729642860744653
1.10073838025742
-0.0302268657743452
1.61474961579881
0.0292552588345627
1.76024413866709
0.0689699090625492
~
-0.672093802129792
-1.47355352772249
-0.692043710925656
-1.28794257992205
-0.69885914687077
-0.73240251374645
1.09880082783224
-0.031822864437854
1.61081575027732
0.0277735638710843
1.75915171891603
0.0675278635763462
~
-0.669583050063973
-1.465062093159
-0.690605075218724
-1.28254689233966
-0.695678377833588
-0.730913655344334
1.09452668213492
-0.0319562786418813
1.60345152811944
0.0317470300876559
1.75221747064489
0.0695706194233322
~
-0.664079528684899
-1.46090635301035
-0.683728344575493
-1.27876299440965
-0.686818756335901
-0.725906784780974
1.09062351102467
-0.0292218845416668
1.59663782154032
0.0359802042188011
1.74405976853048
0.0721375735327799
~
-0.661487583992533
-1.4585168265413
-0.681461655956897
-1.27442054460838
-0.682992776698951
-0.723944306007987
1.08471435143766
-0.0285815034988616
1.5906586047486
0.0481044106268564
1.73241154138
0.0727775471212324
~
-0.653964440482193
-1.45266468846927
-0.673403409406228
-1.27670497603005
-0.677565764875696
-0.72109499306429
1.08033124016987
-0.0289237980596458
1.58366506941663
0.0410734475363895
1.725669913787
0.0719803641130686
~
-0.6534875984058
-1.45308739931734
-0.671433374816507
-1.27737988275009
-0.675848596689885
-0.718791263541093
1.07997331325278
-0.0276623718118082
1.58031070009566
0.0391992396666328
1.72349793865131
0.0747379678873564
~
-0.655823844833362
-1.45971275572406
-0.672610349052713
-1.28331269035384
-0.67914834638591
-0.720946865853974
1.08122464561794
-0.0278862573170094
1.58167130579727
0.0397826514192134
1.72854530481676
0.0761525083941463
~
-0.655225711227498
-1.46407419939285
-0.67436494907366
-1.27951113652715
-0.679231547055625
-0.721782730771626
1.08324811565313
-0.0280992338731073
1.58211758387526
0.0418081359906067
1.73190491674844
0.0779211553564054
~
-0.655634824139856
-1.46886345300396
-0.673679759025461
-1.28605308927882
-0.68059579996514
-0.72557962020932
1.08484171099403
-0.0263339167487698
1.58333269524305
0.0436598322448587
1.73526814710976
0.0791332723702501
~
-0.65682272400088
-1.47068115014523
-0.674456838353771
-1.28939826058455
-0.682398150424816
-0.725720096062076
1.08545186556433
-0.0261360498161913
1.58395081820958
0.0424495315843152
1.73793485084218
0.0805409569601018
~
-0.655636240493805
-1.46890232071387
-0.674089768778862
-1.29153211641488
-0.68154732238549
-0.726016012925406
1.0828930520314
-0.0256979614989414
1.58438297513667
0.0509936712264191
1.73825382352292
0.0808984881662609
~
-0.656022502113956
-1.46292450528867
-0.674137111450159
-1.28981647273196
-0.681408281774906
-0.726664059398029
1.0819222585271
-0.024295058486216
1.58123196224364
0.0516885490466999
1.7372082529436
0.0819939960538883
~
-0.6588764927205
-1.46636693302021
-0.680630419925579
-1.28450955002687
-0.68257027432668
-0.727485705002505
1.08410059058824
-0.0235254909911116
1.58365642552676
0.0528716979321016
1.74082874793895
0.0830997248488201
~
-0.662472559841114
-1.4669109132676
-0.68078422611334
-1.28538321502408
-0.682576082226579
-0.726740573845141
1.08670344208424
-0.0231099328821845
1.58527041482151
0.0544113816896577
1.74324771911296
0.0849730304837833
~
-0.673053227857001
-1.47031888043655
-0.687223064284971
-1.2897242262443
-0.687805683443494
-0.723720599933113
1.08395953730363
-0.0239972758160787
1.58066443318658
0.0545077888200879
1.74291377209775
0.0844869142603858
~
-0.672154817209112
-1.46811990784897
-0.68773105597222
-1.29029242647629
-0.688004598420297
-0.722320112734648
1.08250424813409
-0.0252500960629896
1.57816324701658
0.0550107594133734
1.74063103369333
0.0842236533892302
~
-0.673204085746378
-1.46753535503358
-0.687585326633357
-1.29039904858918
-0.686766779937991
-0.72161282789996
1.07854046460992
-0.0255959957785109
1.57291133747281
0.0554259948960238
1.74096012201083
0.0836417773265599
~
----
@Right6
-0.671385112591709
-1.49711468756707
-0.683866957261859
-1.31432248873141
-0.694133604706074
-0.724266635067792
0.712816525507503
-0.727738544872239
0.679100237812528
-1.32159181854905
0.663209878904141
-1.49461171457271
~
-0.68325755362767
-1.4949248862679
-0.696688421425231
-1.31307921968869
-0.698198590668658
-0.724470122278596
0.710331833380873
-0.729860656639375
0.675097385668587
-1.32422753736617
0.658974071080569
-1.49843900665907
~
-0.689956814543376
-1.49572354509886
-0.705840688209879
-1.31506883047568
-0.703391068421789
-0.725941951617037
0.708910545800862
-0.733440734308877
0.675883150861662
-1.32503003573441
0.657607044737148
-1.50214457829128
~
-0.69244908461804
-1.48871861730034
-0.695683721316628
-1.32105546937792
-0.70863873188877
-0.729567574030335
0.703505605038965
-0.737261976609393
0.668775308888329
-1.3307957333914
0.649128850116627
-1.5101533354126
~
-0.693220988705985
-1.49723250918689
-0.70065083967768
-1.32288471726584
-0.709033215719764
-0.730197265693812
0.701255207185685
-0.739169772959535
0.666598025238327
-1.33386351526927
0.645706196982346
-1.51309382385896
~
-0.70066971873534
-1.50366647645905
-0.711869434958614
-1.3262232942057
-0.71418636144242
-0.731514234393144
0.700743546142534
-0.731268482372603
0.603553712070074
-1.27438958820142
0.552780296292263
-1.44561701610621
~
-0.705107776424996
-1.51050772342157
-0.716079783074259
-1.33353808273179
-0.715978443712173
-0.734543710552043
0.719402406125481
-0.438992545377377
0.171060723697982
-0.517345319849062
-0.0605483459192284
-0.500305271246974
~
-0.693328629353554
-1.64025105225678
-0.706528330445991
-1.45549651980313
-0.703084226778482
-0.82712215756458
0.644964173030969
-0.285984632418292
0.0165921219064309
-0.240155685186439
-0.24441551013882
-0.195720700460585
~
-0.673541135812748
-1.60287203178744
-0.68718828090342
-1.42483887347338
-0.684967381932974
-0.796265605405375
0.56545766598442
-0.0622130340284455
0.0708066813559677
0.101505723971654
-0.107721173222696
0.163685172699417
~
-0.729820262716554
-1.66788740358831
-0.742515941579728
-1.48265190556363
-0.731835175438575
-0.821434141850107
0.713957284873801
0.0339001742453568
0.587485592722466
0.217007792861214
0.513308760962256
0.320768547048605
~
-0.751696652935014
-1.65920244695082
-0.771840094382193
-1.47874186634145
-0.729952381270101
-0.818198532545285
0.812286057939445
0.0841502827439939
1.00794791331977
0.0675762436068886
0.993166180648088
0.166829025546838
~
-0.766066616554793
-1.63949428693657
-0.7818466599952
-1.45147419640359
-0.731504582882367
-0.808186579767377
0.869535704785424
0.0526149398173097
1.15510834167731
0.0456348980652226
1.08891311091272
0.122212770556958
~
-0.754820324463093
-1.62029541453812
-0.771536487436605
-1.43521036856173
-0.727084457450268
-0.802655784582906
0.881010644836512
0.0395709738245157
1.09906682505254
0.0437024104129421
1.09768480584606
0.106545294891688
~
-0.73616704070224
-1.59322408524438
-0.747696251840053
-1.41614720489755
-0.71936731813792
-0.793490274759335
0.862871225115557
0.0195194293147679
1.08148259091465
0.0382015503001221
1.09765472635944
0.0969121472665146
~
-0.731113167953289
-1.58424176159487
-0.73929086707423
-1.40921317923429
-0.717605489719883
-0.789782374019038
0.87519484685105
0.0189159978428072
1.08631493683435
0.0332765161311366
1.10081005340867
0.0881420548738522
~
-0.728293209742037
-1.5797516963797
-0.735969552372719
-1.40474762113742
-0.715335221473499
-0.784594258845352
0.876330536600114
0.0195150162576488
1.14378614176341
0.0573632710197518
1.09887187697357
0.0838560068002072
~
-0.73034280949775
-1.5811794790386
-0.738194255146436
-1.40598057726399
-0.714428295102274
-0.78164283939258
0.874018401397611
0.0207560934662306
1.12271926545108
0.0566496176344153
1.09549634635551
0.0842460947734701
~
-0.735524040798786
-1.57867406717133
-0.742898959892438
-1.40321097476021
-0.715598131044573
-0.781773869357132
0.874005092374571
0.0219022343057499
1.06589590560528
0.0586196571623607
1.09250855511446
0.0854686932035518
~
-0.733527190420767
-1.57184810301654
-0.743285350732332
-1.39711254447894
-0.713232448319378
-0.779642959384931
0.875154516521021
0.0230119144015348
1.06710401095426
0.0496034783229633
1.0901621246996
0.0889587656764556
~
-0.736832963848784
-1.57519806074588
-0.749786308416355
-1.39913180926862
-0.715677807991413
-0.780851387479725
0.877697932193916
0.0213906094595013
1.06745705768159
0.0407936676860954
1.09043885372885
0.0934473255527999
~
-0.73816938034222
-1.57492197244556
-0.751873685490338
-1.39890332155683
-0.716879554919905
-0.78007891015925
0.878794578971546
0.0229567821657688
1.06804494493025
0.0390652904084355
1.09113300709994
0.0948704459975155
~
-0.744596061103194
-1.5780879308465
-0.759327304210564
-1.40022193184251
-0.721885530372239
-0.780445013565992
0.879810544057845
0.0233294199209932
1.06778059595759
0.0580823090472024
1.08976892081242
0.0986340971034852
~
-0.749102978309851
-1.58041032470534
-0.762986106197074
-1.40178270172321
-0.725142102999683
-0.78063342487591
0.855117376922478
0.0171529412099586
1.09846767550886
0.0516145016651293
1.09094033042724
0.103044720103841
~
-0.751913508338564
-1.58104211505573
-0.764760962373003
-1.40190080924384
-0.726384840587209
-0.780103661699757
0.877179409857663
0.0190205577623256
1.06864216296952
0.0723295340280304
1.09102534382304
0.104889184020507
~
-0.748733452576862
-1.57715761752387
-0.761428673404554
-1.39894264369948
-0.722836827563381
-0.777550369223749
0.879950383901679
0.0206027944768669
1.06926466990971
0.0751407436594271
1.08831440897001
0.107234199628957
~
-0.748078006138168
-1.57552778324019
-0.760158638005352
-1.3982029420052
-0.721465252291548
-0.777444880362853
0.880072733999436
0.0273332512341269
1.13304377429038
0.0381208331550233
1.08655532194415
0.109782078994826
~
-0.746803185632541
-1.57429118261405
-0.759188983900995
-1.3981425900346
-0.719912498619928
-0.77665962309789
0.88049132118407
0.0267900999766305
1.03254719546632
0.088909009169059
1.08420071668749
0.110010875189533
~
-0.748484547189971
-1.57640412315603
-0.76102919790934
-1.3997817682868
-0.721577889744614
-0.776765142143035
0.852739995855021
0.0141552197280926
1.04008101245079
0.0716554267388204
1.08299990341128
0.108688756866509
~
-0.748230618207448
-1.5754546231903
-0.760535220188833
-1.3991186416565
-0.72022472957115
-0.776804810289651
0.882648134389291
0.0427154914246767
1.06591947544983
0.0874185532040741
1.08223176036608
0.108774703268619
~
-0.748781022492542
-1.57877673626189
-0.761617884357891
-1.40128726859611
-0.72040828449894
-0.778340942888814
0.884583209170001
0.033537371281083
1.12945530535081
0.0472592336881143
1.08274079556021
0.109040984019725
~
-0.746373637065589
-1.5769874709843
-0.759278771233354
-1.39664969392751
-0.717604532463552
-0.777342627490657
0.857153106690313
0.0112418053146171
1.04666375243386
0.0785506800974508
1.08228319156697
0.10979211628756
~
-0.744066347860826
-1.57497851310866
-0.756858064085631
-1.39608085189199
-0.715376241087635
-0.776621843674331
0.869093649855174
0.0345519677505998
1.06053181893688
0.082517719767565
1.0800704661496
0.108061802817728
~
-0.737249751730984
-1.56886142228302
-0.750714575939576
-1.39187188515768
-0.708311678952754
-0.77328517235297
0.868101974684501
0.033954803688891
1.06148816464314
0.0796612836612277
1.07705372685569
0.102741546911144
~
----
@Left1
-0.657746069011622
-1.57021538877085
-0.659136379379974
-1.39125507434631
-0.681194485688183
-0.772203505843557
0.742560172403429
-0.770413229872358
0.774863106577946
-1.38832050691751
0.784681258847509
-1.55004841625378
~
-0.663592304338943
-1.55666435448119
-0.662558100043909
-1.3860183544233
-0.679457051102706
-0.770722100385743
0.736088067284791
-0.769052038912296
0.75950409174038
-1.38509810207999
0.767748819495732
-1.54405728514936
~
-0.677043105328541
-1.54553382316956
-0.668991621626033
-1.39030367782347
-0.685983846563892
-0.773435130689058
0.732533243228007
-0.776607805721015
0.74707059771369
-1.39513599976551
0.753297167999811
-1.55101050773056
~
-0.681335319822713
-1.54068719656219
-0.673732474816373
-1.38658997679934
-0.687324777210516
-0.769442834986438
0.731870177599303
-0.7796303208084
0.739871398111337
-1.39886604740746
0.745403796472258
-1.55147390461898
~
-0.687068990578999
-1.54566070793485
-0.679649425606496
-1.38367330634041
-0.687876476958927
-0.764761777671703
0.732074970218147
-0.783174074248841
0.736098439753302
-1.40392011110632
0.740440846097617
-1.4770143544702
~
-0.695847006160444
-1.55837928985252
-0.688451972723686
-1.38549663565711
-0.693001371954278
-0.765083469132937
0.730005934922029
-0.793282892300481
0.739333120593787
-1.40824797843373
0.750473316431395
-1.50809683401449
~
-0.697771564848034
-1.55923939515998
-0.693799466204409
-1.38349682032343
-0.692183064078844
-0.76279768912159
0.720429818440132
-0.733616563299624
0.775026065839507
-1.1662466905175
0.846965433977147
-1.364360785561
~
-0.706659533893407
-1.56617054859438
-0.707136963614996
-1.39825996501342
-0.69133789007008
-0.776703632239319
0.623526936406623
-0.4804614682668
0.730691608940658
-0.595003347262375
0.835797716851605
-0.530763774017471
~
-0.848300115118882
-2.14568337669195
-0.844103327582876
-1.87551060372511
-0.777887493619161
-1.06611661354879
0.663093672351054
-0.152777662235846
0.413226362834114
0.324584705522526
0.391049466383518
0.545920217104179
~
-0.843746404836172
-2.07912900585269
-0.828806025919088
-1.8063006959524
-0.753333682000638
-0.982320118953346
0.344039693985529
0.183260452207871
-0.185136516269236
0.693328071293742
-0.310399657755064
0.937079779023641
~
-0.737056378061314
-1.66853643848882
-0.724589336307214
-1.49570085173722
-0.656670547140251
-0.790960955700941
0.0169855298844865
0.211339024332453
-0.616291107987784
0.673254558477505
-0.752025053434041
0.826695211835201
~
-0.833346205202158
-1.95208096329881
-0.813496154719852
-1.68327334486512
-0.706011039713211
-0.905361500150736
-0.396382667145173
0.147165915712811
-1.12365901729128
0.502151621059768
-1.22891343559384
0.558778385755882
~
-0.766641458596311
-1.81974207642188
-0.724401850358579
-1.60661857061756
-0.64770641104006
-0.878252204869678
-0.47979845269515
0.0182792378043073
-1.24166445259366
0.225529859116333
-1.38181706316561
0.253508885042971
~
-0.748091308566427
-1.84038584910648
-0.707361998675878
-1.63106225800886
-0.625638135510688
-0.900255343422859
-0.473519587418533
0.00746751964417332
-1.24564745425533
0.204560883198629
-1.37954691562588
0.240566748966843
~
-0.733285150058333
-1.86709676574021
-0.694044598813544
-1.65403140286046
-0.612659547720517
-0.917406263741619
-0.465796297515645
0.000530633154002458
-1.24550110182529
0.200337274262122
-1.38708258230149
0.237971963583273
~
-0.726202498164974
-1.86023845533497
-0.689193152315599
-1.65286000170729
-0.607363145317516
-0.917424752230669
-0.465801202739551
0.00155905333553261
-1.24318214161861
0.200910179215362
-1.38020483890877
0.238270888021325
~
-0.72183448589786
-1.85397048755579
-0.684437967754583
-1.65145425194965
-0.604045880966264
-0.91681335617608
-0.459795446181416
6.0877721977479E-05
-1.23419002125805
0.196201732749348
-1.36173920143814
0.232657135576585
~
-0.723864795237166
-1.86128526969771
-0.687379067915628
-1.65893351619217
-0.60723706056908
-0.920786796427175
-0.463087084768441
0.000348245655433142
-1.23992421537346
0.1962348606629
-1.3657474100114
0.233327880087422
~
-0.739449989368429
-1.88390525201011
-0.702109241460767
-1.68043137220864
-0.619807684780093
-0.933320947818586
-0.468037492855279
-0.00246219849111583
-1.2559569680906
0.196922840171422
-1.38966701926335
0.238667829619937
~
-0.74346487611134
-1.8849793123247
-0.701759049088053
-1.68300768676066
-0.622119037775805
-0.935683125426984
-0.468677127766514
-0.00358426040593702
-1.25791725680856
0.196982520796763
-1.38821867930302
0.238023943369442
~
-0.7441875611355
-1.88557838961708
-0.70024547004412
-1.68380271697568
-0.621172281878578
-0.935483020980178
-0.467677140691989
-0.00297768821982814
-1.25528776602928
0.196479810915412
-1.38342046236058
0.237644417846641
~
-0.7410078961596
-1.87423920453875
-0.699654122777336
-1.67538008057091
-0.627433929142152
-0.916975131120036
-0.466988417338829
-0.00267153951589302
-1.2491753744485
0.196046252472203
-1.36793409069946
0.237335304420329
~
-0.742842859302436
-1.86783172018454
-0.701679315813366
-1.66969366008971
-0.625594311710194
-0.915629476630138
-0.457052374392922
-0.00230864872505393
-1.23485838996192
0.198168655994386
-1.35967581044834
0.24118615785088
~
-0.744499181272707
-1.86670810888784
-0.70421641030401
-1.66914148374517
-0.632557501650671
-0.90984015825787
-0.465175647447518
0.00178890777890326
-1.24121936106396
0.205879798921001
-1.36096955649148
0.246712231203676
~
-0.745745104817542
-1.86632667483172
-0.708437373810673
-1.66578497549946
-0.635098396983736
-0.907533974581623
-0.469437082243775
0.00487788299730709
-1.24513156644974
0.210193865698785
-1.36196060923756
0.250589446542971
~
-0.748961798023708
-1.87247119167038
-0.712337286532976
-1.67409525184026
-0.631517638794973
-0.911889839945174
-0.462789700181568
-0.000330828015463825
-1.23855109893004
0.210284773202284
-1.36510670120563
0.251695383544957
~
-0.750208096635573
-1.8688093673574
-0.713069806629605
-1.67127637095281
-0.630610231836551
-0.913975256290031
-0.464907066764468
-0.000421544153691583
-1.23837559170134
0.211965490584072
-1.36378877508963
0.253613772895172
~
-0.750439081968084
-1.872353715458
-0.714484342841181
-1.67333630068689
-0.630331179846812
-0.921570032085699
-0.461422155562976
-0.00240664830749566
-1.23459546338394
0.211013907882186
-1.36287223737814
0.253822328611928
~
-0.752785470222999
-1.87517909413729
-0.716405132517059
-1.67579215229332
-0.631976811016746
-0.922369835364509
-0.468706246280117
0.00221247773652323
-1.24279696704787
0.217329617447833
-1.36653297548195
0.257877035242825
~
-0.752609109143667
-1.87834609684041
-0.716511474678023
-1.67602103471629
-0.640580354841718
-0.902574995954979
-0.470675629252402
0.0047127121422057
-1.24343498429857
0.222364372938645
-1.36960518442679
0.264364732864363
~
-0.754257674271736
-1.873674182138
-0.717621887384461
-1.67225641464251
-0.644008146372104
-0.897822152919597
-0.475544283091202
0.00706630977324767
-1.24423205248082
0.227030985503885
-1.3674470834582
0.270478431662394
~
-0.754507342073762
-1.86325228947445
-0.718053480676146
-1.66356507104524
-0.642363398074331
-0.895026068851902
-0.465688726266438
0.00660502450966589
-1.22892692061226
0.226672338953023
-1.35541036214562
0.273310244036994
~
-0.754131794668466
-1.85542466369754
-0.719530885674773
-1.65647380741568
-0.637219297646557
-0.898096891895593
-0.451262430459056
0.00737750035663524
-1.21063998500498
0.22913335275463
-1.34505720591989
0.278899491968761
~
----
@Left2
-0.63060282277454
-1.46653268078322
-0.629838652862584
-1.32742441106365
-0.665630593928582
-0.744161058417223
0.697458877914842
-0.712891018175959
0.63952194717673
-1.30284844696847
0.615610057022913
-1.4684043995391
~
-0.638550661905727
-1.46389521032812
-0.640426252945271
-1.32391783979785
-0.669500191899062
-0.741187893354615
0.692573095825749
-0.71222729807488
0.633784216626404
-1.30060067962083
0.609410897569216
-1.4655592996253
~
-0.641985924805576
-1.48334576781027
-0.653598511667048
-1.32375052697637
-0.677681825633009
-0.743041859301472
0.686679841378665
-0.718785508203566
0.622344915840655
-1.30398117258908
0.595950408099849
-1.46970787829997
~
-0.646088185655943
-1.47445002222112
-0.664263485191007
-1.32188558642409
-0.676309436060983
-0.742117723203313
0.684055466733976
-0.719851916478949
0.655035830417629
-1.26724329299905
0.678245577474097
-1.45666085114167
~
-0.66754994973565
-1.45841074083092
-0.675385346946622
-1.32331646238766
-0.681655818518027
-0.744494484516547
0.699837374166116
-0.605121083147852
0.800606790720754
-1.01102174787233
0.914599871663908
-1.1228603424407
~
-0.717522825102541
-1.56108284959529
-0.72500074331508
-1.40366543142716
-0.70755075776571
-0.804301239808755
0.633240183613468
-0.340482807968251
0.850278919481374
-0.335188534058199
1.0434548362523
-0.482663478834881
~
-0.809462645992641
-1.71644007124578
-0.818696070432
-1.54200662306788
-0.758676693239609
-0.892431807759428
0.536441290674276
-0.235497784134316
0.30659915573546
0.0376552293714897
0.288641326471059
0.151716942441997
~
-0.774565940833439
-1.66193635799822
-0.784885016191962
-1.49604055865635
-0.723128381650882
-0.886922282016578
0.371122910990494
-0.225609262629936
0.0487854683419077
-0.0352314087336401
-0.0450064583618643
0.0939182826382008
~
-0.722922911895402
-1.6502947338876
-0.731553635832318
-1.45625669068905
-0.655330344394226
-0.835911077440442
0.378157776205541
-0.212603848768902
-0.0308140821163708
-0.0979613599354631
-0.222811020523887
0.0868396592876085
~
-0.733632673659949
-1.66106214033632
-0.736433824299167
-1.44942236384042
-0.662202187874574
-0.8149750200867
0.357424152624643
-0.218594012469083
-0.0456034584679536
-0.109378550811519
-0.271885115974344
0.0377506642031672
~
-0.745026795367812
-1.65542259970894
-0.749450935144249
-1.4239461964719
-0.670413687553294
-0.795739559878818
0.347290795099088
-0.206011375040287
-0.0551557255751381
-0.104589153087939
-0.293186561026125
0.0361652087421517
~
-0.739005920744022
-1.65128712092247
-0.738450695197666
-1.45980231409864
-0.663297577429799
-0.793305340434841
0.350888661181817
-0.208311439225064
-0.049979176661616
-0.113924046676239
-0.286510376134843
0.0227087457069217
~
-0.747158767560946
-1.67438254891327
-0.74572862289447
-1.48576949444513
-0.669257580598357
-0.807685664829071
0.352258236752938
-0.218979180514766
-0.0495527667332905
-0.127096300664461
-0.288463332240473
0.0119595812674608
~
-0.737317129610278
-1.6778941164638
-0.736238116183945
-1.49931095648895
-0.660749243593905
-0.806253655633763
0.350305627388926
-0.221963004543171
-0.046067000770293
-0.130218276165849
-0.284129201254967
0.00844998641793161
~
-0.761734679566334
-1.70586272460178
-0.760789596953281
-1.5254486705836
-0.682883706878546
-0.815380137439751
0.344258621910228
-0.219725289196137
-0.0576485591520721
-0.127169481791557
-0.299663424253285
0.0146730565066935
~
-0.743904674676436
-1.70254689915329
-0.739377661623859
-1.52344894069359
-0.660615529508023
-0.814431523494225
0.358543421113618
-0.227125900273711
-0.0347120578853347
-0.137599565251198
-0.281279199796755
0.00360774262315972
~
-0.740089674924533
-1.70340275505067
-0.736629284790131
-1.52374790550183
-0.65651615072678
-0.820831080595545
0.359818667507423
-0.231373845932738
-0.0315499151813511
-0.142215631860405
-0.27804898774918
-0.000703929865433484
~
-0.75149437476758
-1.72138241183998
-0.748182312462835
-1.53939168547059
-0.666773902879925
-0.829048667563191
0.361386570210965
-0.233334848513289
-0.0312840844994735
-0.146187652232535
-0.287800240429982
0.000294430510097928
~
-0.743021076171254
-1.70488233952235
-0.741151862172289
-1.52437461089313
-0.659585682256446
-0.817297314447065
0.360069614969807
-0.225569092249541
-0.0286254857097168
-0.139535951558248
-0.28333266052873
0.00630246890697135
~
-0.729279791237238
-1.68796189045568
-0.728329064634187
-1.50923781879266
-0.646499519616408
-0.808549017493758
0.360592404613188
-0.223183151277459
-0.0223578765290785
-0.138812638940481
-0.273887618776994
0.00483501812679728
~
-0.725578955870029
-1.68152196135291
-0.723654190054994
-1.50350533231509
-0.643287602829294
-0.806179461715475
0.35996336630358
-0.222342541095934
-0.0206235703878658
-0.137762664552765
-0.27157721467534
0.00532547318138382
~
-0.731795420658469
-1.68762557344966
-0.729148178184392
-1.50882036279035
-0.647810873282294
-0.80928520239991
0.358040149001627
-0.223295676763132
-0.0234194671710607
-0.137820686917281
-0.272375644517109
0.00356963499434086
~
-0.73511716246022
-1.68847278910794
-0.733558271798373
-1.51088242342208
-0.65185080908461
-0.811841941640511
0.360883514804036
-0.224174721973952
-0.021523519808631
-0.140566467527122
-0.275042890018992
0.00208016936668669
~
-0.737792491040768
-1.68785780125393
-0.73662957048138
-1.50884178083393
-0.653257643960784
-0.804314699223621
0.360023631091928
-0.22225225623521
-0.0228028864561217
-0.138874184237458
-0.279988657775295
0.00382835186643202
~
-0.737557694336941
-1.68640870395634
-0.736214857953423
-1.50765999827287
-0.65209704796652
-0.79890907748209
0.358308794948866
-0.221555065793746
-0.0242130783820131
-0.137504033321341
-0.283244452453659
0.00526893154916643
~
-0.733877714619772
-1.68663805748434
-0.734579129390113
-1.45925846159876
-0.648724309905055
-0.798370106080227
0.35945780736394
-0.222772823204679
-0.0223853206767478
-0.138406457276353
-0.281821301309694
0.00396284882120845
~
-0.730002308118455
-1.68252822893414
-0.72693601630922
-1.48161426994296
-0.643874628084177
-0.796031033000638
0.361137597287638
-0.222251556392838
-0.0189670338216351
-0.137922212866748
-0.278190435705478
0.00366748282912362
~
-0.751703710574203
-1.72531651967417
-0.751120504701097
-1.5256402986457
-0.664485103639653
-0.813886047890663
0.361033289395881
-0.23299365544834
-0.0263167672432192
-0.146240998136449
-0.292675667976484
-0.00219308966404474
~
-0.751903092962238
-1.7274548005973
-0.750909598963538
-1.53301533962165
-0.664651952834608
-0.814896128194181
0.361428392366423
-0.234714371173737
-0.0251021327769664
-0.149198779937797
-0.292983052041047
-0.0037490817103231
~
-0.735451600422772
-1.67034356503485
-0.735052916293541
-1.42691471589357
-0.650723650635358
-0.798581260668494
0.361967937249282
-0.227767427187634
-0.0186906336263613
-0.142100133892633
-0.283834440048316
0.00175441178472226
~
-0.717542198959152
-1.68977108641192
-0.720012615818774
-1.49499484496556
-0.633999404019295
-0.800098921631969
0.366802780890277
-0.235249121217926
-0.00995258772066241
-0.151000239685629
-0.270681940273026
-0.00734943571024483
~
-0.746776775349435
-1.72271275401346
-0.747734515964462
-1.53109507548736
-0.663929270510952
-0.814527316091126
0.357915913912929
-0.23457368070889
-0.0265514678370869
-0.146482977759779
-0.291575995665071
0.000238320177810338
~
-0.75264247574558
-1.73887413045502
-0.756049135701026
-1.5525712906361
-0.670548453685217
-0.830666933740288
0.360117593133306
-0.244000489428905
-0.0261851007994
-0.155580772755389
-0.297360128868349
-0.00451493838473036
~
----
@Left3
-0.694508358456641
-1.48430373920869
-0.708010245934124
-1.30125805004167
-0.691010633202606
-0.756283330105615
0.632284187009517
-0.603972118048036
0.758662798685574
-0.256171373280721
0.773760394058866
-0.235386810348085
~
-0.69103691679293
-1.49397658163978
-0.712704740430717
-1.30124920010802
-0.693742564820932
-0.757270404804646
0.618525125424033
-0.63872008853845
0.756530663041711
-0.262593283401751
0.773990629136653
-0.23250895603235
~
-0.687549081624424
-1.48960126442228
-0.712829051278975
-1.30312499645797
-0.689603221134364
-0.758169148808042
0.612392645460601
-0.641806044082164
0.760261959742067
-0.249582699200443
0.777093667327794
-0.221813036896423
~
-0.688496158376178
-1.48585992673218
-0.715677874327231
-1.30350052628881
-0.688821316412362
-0.757037362616291
0.611368334973105
-0.649171880106181
0.759981337682636
-0.249565450707622
0.778606611350035
-0.215135235107173
~
-0.691178315410874
-1.4801906941617
-0.71884467614089
-1.30358678987922
-0.688061640250555
-0.756195204707066
0.609107424426294
-0.651383542805007
0.76110186572501
-0.249817015627003
0.780859251294179
-0.213043310492053
~
-0.695423174988853
-1.48239238789609
-0.720476152832324
-1.30887459683525
-0.691682633582813
-0.759351810902084
0.668536547460631
-0.634046597417419
0.772938717606253
-0.238091538099991
0.802402113459623
-0.190088460739247
~
-0.708323811409742
-1.60673954928508
-0.722728105321923
-1.4240909218104
-0.689218364872286
-0.844512495458077
0.736505295280057
-0.518602751133752
0.632871997214203
-0.1900314217079
0.676689741568566
-0.0973359249682523
~
-0.697593368387077
-1.63548927173547
-0.702830182693199
-1.44254529703127
-0.647932795434941
-0.855280678542009
0.404536620592642
-0.323025603237147
-0.0403587495494958
-0.221554350924981
-0.197597325274609
-0.0998833853598639
~
-0.903112796923035
-2.02725165290923
-0.900569117066185
-1.80606023786377
-0.784406305521542
-1.04661123434744
-0.00162143556271227
-0.416683872646623
-0.772983392043661
-0.26896039649585
-0.996658477616615
-0.200686750223594
~
-0.843847223625769
-2.01421057603041
-0.81401829632066
-1.80373673717346
-0.7210455177393
-1.08176584345101
-0.23994586002337
-0.434507635844478
-1.11553523503345
-0.354929526041393
-1.36037059668214
-0.298645151642249
~
-0.805999098935025
-2.1271901047147
-0.775562836446377
-1.87989683449371
-0.691038367702092
-1.12831944974814
-0.236353328715947
-0.438410133737688
-1.16755944331213
-0.389570599906801
-1.42109272828979
-0.332413285223405
~
-0.795606761038987
-2.20273441012077
-0.759063941838813
-1.94653215996212
-0.672688930717643
-1.16572358810821
-0.267771460643416
-0.449297732967633
-1.20325234445117
-0.407583267511392
-1.46082607749747
-0.352430941724339
~
-0.837158830582543
-2.214204261233
-0.79624879298869
-2.03994731423103
-0.703598035487324
-1.21691659576767
-0.30145627760342
-0.471702692280262
-1.27035575136143
-0.422262963188295
-1.53554662600943
-0.361019732838415
~
-0.836695499320155
-2.26506945639339
-0.802911788917016
-2.05065174787839
-0.712467778799716
-1.22098506656475
-0.308654834376553
-0.474991703321663
-1.2719367210782
-0.416181701356394
-1.53782840323741
-0.354394692852126
~
-0.845465393368635
-2.24346313360852
-0.811452980484442
-2.04411010567091
-0.71986514297207
-1.22428681965987
-0.309500459908035
-0.472370617364881
-1.26909355035899
-0.412675695731037
-1.53157153571199
-0.344234373047244
~
-0.842795636284633
-2.25620175004673
-0.814332329341307
-2.04504758666519
-0.724427162869298
-1.22442850910823
-0.302344020204615
-0.46893938035506
-1.25575424055068
-0.406992039690303
-1.51628836734056
-0.336174509556683
~
-0.831421618924045
-2.16915782673396
-0.795269903997694
-2.00054077598075
-0.709082145500394
-1.19935509865151
-0.287981306612407
-0.461107876691469
-1.17146812349694
-0.398786950776671
-1.42749431134046
-0.34435231087865
~
-0.828756320197623
-2.08685700806374
-0.807002148843839
-1.99910676560558
-0.709719059820836
-1.19471232985508
-0.274851468027284
-0.460116660504428
-1.15490956401119
-0.400406268969224
-1.41950304146506
-0.344347063657699
~
-0.889063538801457
-2.25148745643252
-0.840913343955692
-2.02799380385616
-0.743608384189734
-1.19909171040465
-0.307874031379703
-0.503354832050655
-1.20840954661462
-0.4406259036005
-1.47503201403612
-0.383814906526098
~
-0.872726648106986
-2.21136594055416
-0.823560273971553
-1.99147923274637
-0.729505926779743
-1.1897333427962
-0.288802482096176
-0.481328671857298
-1.20622149028487
-0.406293580201711
-1.45822435474693
-0.351075353620814
~
-0.888673061175275
-2.31092008691439
-0.836273023320216
-2.00492531529977
-0.738183734433263
-1.19771943215591
-0.287762445395586
-0.473670177640726
-1.22023478305697
-0.388398104558459
-1.47089539612742
-0.329435268978819
~
-0.871621919037659
-2.275792974552
-0.819591297510279
-1.97653716777062
-0.725382971974026
-1.18277816125492
-0.273755907080418
-0.453877735940525
-1.19556972672068
-0.36489283715649
-1.44141311049451
-0.304309936170855
~
-0.868335543824768
-2.14319047590552
-0.851611992893884
-1.98013318700186
-0.727496382034712
-1.17393059315085
-0.270398373238972
-0.452714904293959
-1.14780697987295
-0.362296738804588
-1.41321567239539
-0.305808316981324
~
-0.885140933770551
-2.25118034770206
-0.838152991950176
-1.96660616343766
-0.725774015401532
-1.16773747381474
-0.263330716436202
-0.451181525791374
-1.13827797819523
-0.358255836120706
-1.40482147426352
-0.302041288100365
~
-0.884621646054487
-2.16556554527827
-0.840564677589236
-1.95747846723698
-0.72917589471882
-1.16368511389944
-0.260764287802728
-0.450866015237022
-1.13191588250443
-0.360069157019717
-1.40129393026322
-0.302055263350102
~
-0.873704173889701
-2.25720481603185
-0.843667174864607
-1.95728573836223
-0.736636292914592
-1.16165190250773
-0.262936351790869
-0.453337385231089
-1.14493339363654
-0.350699115851845
-1.40485993045749
-0.298767833753229
~
-0.876034160590417
-2.23179695004719
-0.836116385476449
-1.93717485301423
-0.73149118015672
-1.14771020688832
-0.258236385800939
-0.447538701313015
-1.12531875249512
-0.34813845775056
-1.39431207572267
-0.292292058277979
~
-0.875693170261626
-2.23603301509296
-0.828221530952623
-1.94019215010025
-0.731855980307093
-1.15387836726799
-0.257372787446667
-0.443530620156081
-1.1264800017275
-0.340284576287737
-1.38812870518441
-0.288216744347746
~
-0.880305909133482
-2.14681820569724
-0.848210697564819
-1.93584258659465
-0.728722946874427
-1.14324610425395
-0.258065275337826
-0.440810584092509
-1.11840204104724
-0.340493839542627
-1.37750491884601
-0.286902715010446
~
-0.890490023205311
-2.152419044321
-0.836781451061342
-1.93158923680001
-0.739851896857509
-1.15254664662243
-0.267117201033187
-0.4529572082898
-1.13677916792522
-0.332246871612981
-1.37955875477285
-0.282970992973874
~
-0.896431270177597
-2.17065191117083
-0.848386916485301
-1.93605315372388
-0.74648975929295
-1.14722823174649
-0.267692663116506
-0.452457204457229
-1.13041917729244
-0.333328442260886
-1.37119603599549
-0.280863094322452
~
-0.889605762762716
-2.20659570927438
-0.841299160195887
-1.92089924052721
-0.738377551654748
-1.13634466171706
-0.258529302722701
-0.441682403250472
-1.11939268038372
-0.322031177619064
-1.36089593222815
-0.270836731311407
~
-0.897619206776916
-2.16416781318233
-0.862118229203871
-1.94948954942008
-0.755729368939642
-1.14956320057425
-0.266555277209023
-0.451887573954351
-1.15974276032002
-0.322997995233714
-1.40285144387616
-0.268534062071369
~
----
@Left4
-0.650131223794578
-1.46547103642026
-0.6743618043723
-1.31023811754336
-0.698743153308788
-0.731595990410687
0.680206540145229
-0.706573578827112
0.645289657895266
-1.28843044221764
0.586896588660025
-1.46394348808262
~
-0.660395933605927
-1.47877002011237
-0.686188721002192
-1.31334180580381
-0.711750273559995
-0.732731374957993
0.67870001009847
-0.712720227454956
0.633536125371842
-1.2976969513128
0.582851781206883
-1.47640752029594
~
-0.66202057814966
-1.47409709873397
-0.687740936272445
-1.31184630948765
-0.714532735764553
-0.73182370859811
0.677168219835535
-0.712168189490996
0.629227314786051
-1.2975978346889
0.581365244316173
-1.47742019406309
~
-0.671939018249384
-1.48365815232404
-0.697506556289287
-1.31735216076436
-0.723273472026513
-0.734002218662765
0.675964060184165
-0.717733805862666
0.623108659032173
-1.30476830621132
0.578783127882026
-1.48690865720808
~
-0.677097505343906
-1.48812090434534
-0.701596184728857
-1.319924647043
-0.72894242024387
-0.735334028293854
0.678683246156479
-0.662676932628197
0.646492552652365
-1.03914535619823
0.593581564200253
-1.17915040737336
~
-0.678161818862987
-1.4875977530199
-0.70198430768789
-1.32087544484676
-0.727846056600546
-0.739268618778033
0.62864560940106
-0.599189778756802
0.715029290577042
-0.445887070359131
0.765089566978631
-0.27152496618405
~
-0.690231447380551
-1.53285612403618
-0.702346027653645
-1.3665665775071
-0.727198448484993
-0.772133398094655
0.783114413482595
-0.242991309021827
0.924220400322078
0.294658932864882
1.01544882361212
0.494826725999161
~
-0.746259284335299
-1.63669451246065
-0.757886368097619
-1.4749260913452
-0.737285196409267
-0.8393688575557
0.77644744648959
0.370127184356853
0.868429183457218
1.0225672188466
0.885089618814909
1.1184105524485
~
-0.810370003916176
-1.64741933889234
-0.822022277699162
-1.48776944177312
-0.767686070911925
-0.872027233973329
0.439636578333124
0.585810916367601
0.273186917348457
1.28541343429806
0.245764874114865
1.50596517980141
~
-0.662417127792119
-1.62929573627257
-0.657083431669384
-1.4423308373562
-0.627393013951936
-0.841741340639545
0.100520838658824
0.501856799020584
-0.476809476493596
0.738546010336999
-0.68573153478328
0.814022270318911
~
-0.649709536810272
-1.64346497646636
-0.668558599506438
-1.43763812979528
-0.662178294102118
-0.832959137216763
-0.0939083994724081
0.0952119011032391
-0.756148760655414
0.123444930250153
-0.774726740177408
0.135958573785785
~
-0.63014100050386
-1.5839208839617
-0.65546514322516
-1.39014391511792
-0.644570212210777
-0.805507103250935
-0.178109421273893
0.0610022321065644
-0.798983946972545
0.0628889379584711
-0.934266836233487
0.0847798849087193
~
-0.635267651577182
-1.5884220477494
-0.657508848940324
-1.39170542007425
-0.63662106415592
-0.804347914991836
-0.180671848004082
0.0583476483736471
-0.76721955716584
0.0691474692322451
-0.938916417104649
0.0897378497922554
~
-0.637435122606812
-1.58446466747132
-0.657923716992974
-1.3908864396992
-0.635098516113371
-0.7999404787536
-0.153839115194122
0.0473964574018215
-0.752743578279926
0.0784138390652847
-0.952378421801418
0.0887529662864392
~
-0.631021523024755
-1.5695733445193
-0.642175278031786
-1.37229313253137
-0.629380588502335
-0.789411509496437
-0.157096638705973
0.0559390743330141
-0.750230740119026
0.095101468265439
-0.939957865264732
0.0979597213793911
~
-0.636967780981312
-1.56623873978433
-0.649898648616871
-1.36277203984775
-0.637690747082467
-0.784232320592119
-0.165182550298437
0.0463389428041093
-0.761862821047776
0.108852682406098
-0.94644091036632
0.10415237122127
~
-0.612144119497251
-1.52033884510253
-0.619576919815249
-1.33179555067101
-0.616528151383086
-0.774195972060145
-0.152466201317603
0.0142907028291478
-0.739551054213204
0.0625596979726016
-0.917160517474541
0.0551807290444132
~
-0.594885797312303
-1.46773970197907
-0.595854077902651
-1.30131221842844
-0.602351920512265
-0.758272207029225
-0.11315348055388
0.0149920115841305
-0.692129861869032
0.00586115945963584
-0.864488947581404
-0.00140447915142991
~
-0.610349768836639
-1.51773877801983
-0.617706422880205
-1.34240558477886
-0.617547538875186
-0.787177928088395
-0.0977796600459975
0.00121860785738301
-0.692178540731557
-0.00263472406170148
-0.868114896608922
-0.0100511679724246
~
-0.606478934082439
-1.53287197483964
-0.613723443102483
-1.35393302982389
-0.615898237909931
-0.796793457469704
-0.0748554061919153
-0.00483937489152367
-0.675800220888384
0.00534267711279979
-0.85210801434876
-0.00208939329581682
~
-0.596699688178801
-1.51421985455381
-0.609551950312531
-1.33406288620151
-0.607050029444359
-0.784937266070555
0.0198725165443955
-0.00574327954696888
-0.67563911196199
0.0195070715939902
-0.849584802705051
0.012174622222113
~
-0.581902928980619
-1.45715604496669
-0.592485138587932
-1.28536879397095
-0.59125744512872
-0.754514904224713
0.0312946121494186
0.0115757628734366
-0.662245983012367
0.0390075571973347
-0.830734802691522
0.0319051811987698
~
-0.577189903918263
-1.45846120721265
-0.59363608518774
-1.28679995636546
-0.585478466742226
-0.756846084258747
-0.175338234317743
0.0125833380120004
-0.730435251060719
0.0464948355158383
-0.898879011466031
0.0393942949398168
~
-0.573885748821221
-1.4462367222511
-0.594072120370902
-1.27680583062209
-0.582585493497852
-0.752515543907171
0.0405601958824912
0.0193398465626098
-0.530662797725528
0.0503132526848442
-0.697489463169695
0.043280848969899
~
-0.572672269450038
-1.44518411848266
-0.586531945972637
-1.27254441074406
-0.580137778287436
-0.749893390486049
0.0404578796375687
0.0181792833510997
-0.529583867668127
0.0517093448552482
-0.696032893519411
0.0446928725681077
~
-0.57077864865226
-1.4450242045218
-0.589264841274679
-1.26927135936898
-0.577775043634951
-0.748119921532438
0.0414474844075796
0.0170716480908683
-0.527055387710281
0.0516105942883753
-0.693179290476744
0.0446078246404299
~
-0.569821974745793
-1.44479796334424
-0.590953617279919
-1.26802273285569
-0.576315094114444
-0.749276646999146
0.0425907080804931
0.0141716239169174
-0.524304083085253
0.0499092238010045
-0.700639654054163
0.0914258692654314
~
-0.572768425137913
-1.44809924333754
-0.595273338331949
-1.26506595111375
-0.574727378800362
-0.749168428358715
0.0340571721774521
0.0122429932229017
-0.529928271157803
0.055454844487967
-0.702434150598842
0.0925817405561611
~
-0.574167318502894
-1.45109028169901
-0.592702791569464
-1.26551417078192
-0.572880818737732
-0.753051054450243
-0.103789744832443
0.0276069718798576
-0.656607526876876
0.0578189514646638
-0.896960678893282
0.100818789945053
~
-0.580059096542927
-1.462401543315
-0.597555114997248
-1.27011754064837
-0.576501543350983
-0.755342336302
-0.10423991733581
0.0295785497516018
-0.665078393263833
0.0783142859532691
-0.822711421321371
0.118368843559264
~
-0.58959381650814
-1.47241784765631
-0.606199963340869
-1.27722337457585
-0.585175290046587
-0.758955083850003
0.0440126839050051
0.010890835828613
-0.52436555295182
0.0684810764656132
-0.766324561466888
0.0993463875359102
~
-0.594152212301545
-1.47694447297875
-0.609564066671432
-1.27914648424177
-0.587197252113232
-0.758483683429501
-0.0632827087559876
0.0243565388354933
-0.685167648183356
0.0924540471098907
-0.816463663223897
0.171175821201718
~
-0.598826335295176
-1.4757100975306
-0.605450203470536
-1.2888843467951
-0.593425271722639
-0.757667564476859
-0.119382863880664
0.026079606509742
-0.690211586104321
0.0931829612865297
-0.821406163225031
0.172582324284219
~
----
@Left5
-0.660718009311013
-1.43588964166164
-0.680289560749818
-1.25179629927889
-0.701899694897546
-0.725455677782058
0.550982844669583
-0.63954284496881
0.63771436852636
-0.630110107792134
0.633666867691303
-0.527610829353052
~
-0.682612366696703
-1.50480607310537
-0.697440036640566
-1.31505518190306
-0.705083132719548
-0.750326660884606
0.593296122072953
-0.452743567542108
0.672698815215248
-0.244708375321581
0.702101867771199
-0.203114067136925
~
-0.708843874108315
-1.61928811863274
-0.72111970462208
-1.41672077043266
-0.72024167468221
-0.81738173904898
0.666898528756247
-0.419370346748562
0.593690878330091
-0.0594055244400135
0.654026768714906
0.0362701364530669
~
-0.785420974881728
-1.89598873152018
-0.802288931255712
-1.64732745300908
-0.771337397523163
-0.917036604779022
0.636044699584299
0.0697554199105951
0.342922544742025
0.506467083600227
0.288698568479737
0.780782262072034
~
-0.685439308568548
-1.55118655833784
-0.68981814625742
-1.37872256243798
-0.639589631188258
-0.772092733825751
-0.0341925301948801
0.334621327049328
-0.55093910372379
0.783814705280905
-0.668069603758173
0.946303089988204
~
-0.792465804185307
-1.7623127687029
-0.779089042686207
-1.64358209535628
-0.718301826709599
-0.963075204892505
-0.323912665100386
0.25260285538114
-1.10389626061472
0.607914905970325
-1.28181188059594
0.703847110559193
~
-0.773357621987165
-2.00003611314693
-0.749727161894666
-1.74067265580991
-0.687816114308885
-0.996392802060672
-0.464223807970237
0.113620387780422
-1.21575457215214
0.25347478872803
-1.43652236419937
0.334988738338732
~
-0.621793310490721
-1.71038775731413
-0.609884698110821
-1.47903909096094
-0.546280924442543
-0.856683930788758
-0.367629664964027
0.0418888365238805
-1.01033061208105
0.0282405223588019
-1.26763602831661
0.0406353097438465
~
-0.571414017074392
-1.68729178466495
-0.549352627578423
-1.45460843425442
-0.491238062831462
-0.872569234826792
-0.318243868860134
-0.00233310785604004
-0.926848906903934
-0.11513914667434
-1.17209449335241
-0.10346152850429
~
-0.541225792229483
-1.67382506800451
-0.521307386697779
-1.45838240294059
-0.463485093902858
-0.877953256912768
-0.299381645310794
-0.0243267756583808
-0.90443840276651
-0.124490376131595
-1.14565835904929
-0.123912174112963
~
-0.534235787066796
-1.67898873074672
-0.513339297796115
-1.45711114614771
-0.452147586127371
-0.878523231960128
-0.294350341478436
-0.0325313096529138
-0.895383278120793
-0.128611488235877
-1.13889245316119
-0.127846584701727
~
-0.534524554953243
-1.68247190318123
-0.509977421265041
-1.45682071478211
-0.447683062115396
-0.878033672432233
-0.295597590989461
-0.0352415785923854
-0.89263257433636
-0.121446203164589
-1.13958766610194
-0.116908653750731
~
-0.541779478564872
-1.68115989094522
-0.517345313980427
-1.45524702859135
-0.454475013111471
-0.878290150995139
-0.299189110187494
-0.0340098563850737
-0.89551821792664
-0.110289271530749
-1.04752314250473
-0.0872132915741752
~
-0.549281550410641
-1.67960607748478
-0.525836220069032
-1.455553822292
-0.461960432371879
-0.8772004492193
-0.294765032093534
-0.0314090523944894
-0.892577004618312
-0.0890251640511844
-1.05343748633628
-0.0675065677228153
~
-0.569103994817797
-1.69663143154179
-0.546554977801624
-1.46983895695139
-0.482255868430286
-0.886298127973852
-0.309142235691692
-0.0316409144113645
-0.914512445555257
-0.0762217476799285
-1.07724287419537
-0.0522223822521693
~
-0.564778720257582
-1.68626824820376
-0.547409903010902
-1.46037093299714
-0.48384542412707
-0.881037975030104
-0.299792768281063
-0.0292662994304511
-0.903163112407891
-0.0650584277049756
-1.06821274105181
-0.0451082731427331
~
-0.562208158773611
-1.67976970888817
-0.546850851429382
-1.45803758992654
-0.486697797862334
-0.875866590470973
-0.299454883916567
-0.02771253850717
-0.902183302696586
-0.0611937549712802
-1.06571148716
-0.0397667257272482
~
-0.568195780523583
-1.68533225185475
-0.554338343649036
-1.46384591739392
-0.496461046484505
-0.876263498876823
-0.303513574114984
-0.0268447187268072
-0.914632857005282
-0.0306290514654605
-1.11555717637828
-0.0318732486049385
~
-0.567380412079524
-1.67922243296833
-0.557059804501136
-1.45674305416745
-0.499695855340377
-0.872042668555517
-0.297943297505439
-0.0225029916360936
-0.905427825092696
-0.0385763575490942
-1.08205893859059
-0.0204632473936938
~
-0.570930773341115
-1.67649042344354
-0.558544344892008
-1.45274230276845
-0.502846369643567
-0.869058323250631
-0.295259617244102
-0.0205006293400115
-0.901009544888064
-0.0177338370228381
-1.12459117061663
0.0114377646022495
~
-0.572719004069613
-1.67398689874113
-0.560097446354646
-1.44967589801305
-0.503119413818427
-0.866800695757801
-0.291856335993786
-0.0194893306662606
-0.898994073544251
-0.0123540464485225
-1.09895119038498
0.0165405011186228
~
-0.574372620345641
-1.66382302872851
-0.571646838711381
-1.42529247534781
-0.505117505331605
-0.860593556713622
-0.2858028174624
-0.0171057000775925
-0.900834053779594
-0.00494853593892404
-1.09304393393713
0.0237559117876394
~
-0.577508405356467
-1.66311276406264
-0.572838469111177
-1.42147511699216
-0.507136401062378
-0.858777496962489
-0.284367915897111
-0.0168981535834411
-0.90192648338136
-0.00306124728101348
-1.09429469444795
0.027114058526205
~
-0.583283827059136
-1.6588931595901
-0.571151749759435
-1.41931124480912
-0.508195239225445
-0.854380172271603
-0.283212592029318
-0.0138514009747752
-0.900633180614228
0.000650250121226802
-1.09109804861777
0.0334410103578647
~
-0.582941865614821
-1.65666160070625
-0.569951369165534
-1.4161063848745
-0.510540039457913
-0.850616622256931
-0.284317503191344
-0.0112011039498479
-0.900174176229104
0.0075487256670028
-1.08750820860756
0.0400725767339853
~
-0.585039665893438
-1.65444565679344
-0.570491002148143
-1.41537273148962
-0.512603178445081
-0.847872078739659
-0.284342596972894
-0.0106996851441634
-0.908180239362411
0.0144243289100385
-1.09367443470653
0.0458021386548356
~
-0.583726158721233
-1.63922541964501
-0.567462249294058
-1.40343131350136
-0.510946717731392
-0.842397343334456
-0.280097745905897
-0.00628100750635824
-0.903207551709805
0.0198667203614643
-1.08856319932609
0.0512840933039489
~
-0.584352057322279
-1.63148919704583
-0.567084644013794
-1.4029640001787
-0.514516330376141
-0.839516385445459
-0.276663999278808
-0.00346212392782558
-0.903926169803589
0.0236716308639732
-1.08980131817779
0.0553064622539887
~
-0.584597827338151
-1.62841049660157
-0.568668414771294
-1.40197281826486
-0.516097444426834
-0.838165360595722
-0.273082546950961
-0.00166281369776969
-0.901423796735494
0.026758293148595
-1.08722074471982
0.0592891438985984
~
-0.585226508154208
-1.62043074303066
-0.569039373081599
-1.39783228979876
-0.517966232432137
-0.835422765417702
-0.272119210953527
-0.00164801453005404
-0.893788324134636
0.0279705240981787
-1.07930733693484
0.0591574450135314
~
-0.585681385913814
-1.61968439088464
-0.570466507129439
-1.39848355458564
-0.519314555880503
-0.834170960023953
-0.271916028943639
-4.06803351053485E-05
-0.89509387088022
0.0304470899102294
-1.08563636654392
0.0645111214250472
~
-0.586197400086759
-1.62042598605066
-0.570968991440721
-1.39944401339349
-0.520285383049093
-0.833474599776618
-0.273709359617076
0.000209344356879182
-0.895845709416404
0.0309552303219895
-1.08210803353995
0.0638861595024504
~
-0.584311239864127
-1.61750876976674
-0.569613876675871
-1.39700408844656
-0.520112428377465
-0.831994520871137
-0.264078466647004
0.00162648716241964
-0.895469827262855
0.0318079612704685
-1.08067018709693
0.0666207994640187
~
----
@Left6
-0.690194432527239
-1.68353507183099
-0.708349272815101
-1.4925413398941
-0.71882150437139
-0.781806212686987
0.959322052998805
-0.0198703975288968
1.05945131040273
0.637870969375679
1.08292272927211
0.802794568788469
~
-0.716028634282818
-1.82140459093569
-0.72802797432312
-1.61565647117731
-0.73868491699896
-0.846453594321631
0.857718987715444
0.0289617066787679
0.752074532431949
0.638531627099904
0.78948059986241
0.88077585241739
~
-0.757549961203793
-1.86570549874959
-0.758128067778701
-1.59170900567967
-0.760150780039563
-0.885005332263799
0.581169694120378
0.0225860048084984
0.339910172676494
0.60286741726121
0.338029216986533
0.846000419645788
~
-0.714470530082691
-1.5656235145426
-0.709843122934344
-1.33563287603193
-0.713913619438004
-0.72342751676126
0.268124070574083
-0.00246122446373933
0.0710816355787345
0.536043081968582
-0.00179385530288883
0.764837524073739
~
-0.673349132522769
-1.44725428735055
-0.679835295437933
-1.21562920872439
-0.674279219118614
-0.692458408966382
0.214272733690639
-0.0339959493847796
-0.0217849429338593
0.490995137557337
-0.118748562727638
0.693057921242855
~
-0.658369036022177
-1.64361593733061
-0.658723912544915
-1.45872861189616
-0.666052807713316
-0.771092801443767
0.303570535645294
-0.0733763512440818
-0.19644920930806
0.532935730050882
-0.309286395947246
0.73652788091188
~
-0.65563538732452
-1.64942936995037
-0.655504219515762
-1.46001531718223
-0.662120456936539
-0.757843246651702
0.0984494697780865
-0.00252135925940018
-0.326994532445415
0.671830968155896
-0.382222297498397
0.782833840476184
~
-0.659386396548052
-1.68376684463286
-0.658099975189033
-1.49033594299029
-0.662306226046246
-0.76677831734275
0.128285711402647
-0.0299397267870476
-0.340891453634153
0.647067832291526
-0.406960765825347
0.748917264629712
~
-0.659360477229737
-1.66404960149496
-0.65889200664521
-1.47331078261891
-0.65882017146555
-0.745931312960297
0.146279089696676
0.0522464880551422
-0.38535434521528
0.661186775563892
-0.418645415938568
0.696710178915712
~
-0.666513804506201
-1.65630556524974
-0.671900906594015
-1.44500787377991
-0.663876897590576
-0.739995448222092
0.148454591288072
0.0537154768292496
-0.390625622758241
0.657307761313168
-0.429856364053564
0.703871962407593
~
-0.668574368397162
-1.65891185516309
-0.677693884512893
-1.44252111076314
-0.665390809643866
-0.738593113332179
0.145515159929243
0.0654988606357212
-0.39871000228366
0.667046741201487
-0.432370697550642
0.710712541832673
~
-0.67028821037526
-1.63878534293183
-0.685141055900624
-1.38426153529279
-0.665020566103533
-0.735498006315685
0.146049374051203
0.0739780091483933
-0.399131982229501
0.670213926276108
-0.430548725762554
0.713303066383105
~
-0.671175986653828
-1.65562008780953
-0.682408539345781
-1.44402699390914
-0.665830744017619
-0.733667718446875
0.144900174285883
0.0764376400991903
-0.399650740402588
0.669275333120485
-0.423536549492815
0.697658942747831
~
-0.672997414097704
-1.65929648603227
-0.681698460303655
-1.46349344745065
-0.667763340342151
-0.736722818892777
0.144722563531321
0.0801034778248808
-0.400054032688111
0.670763103199132
-0.425528592178213
0.703760214500258
~
-0.67107036164021
-1.64950611426105
-0.680001131412795
-1.4581220750066
-0.667353472175769
-0.736917898822249
0.140715167968694
0.0805161829154678
-0.399314302897224
0.665099333604918
-0.424988300335078
0.70090185710581
~
-0.673152929089003
-1.65427103032257
-0.681325763574953
-1.45244734966649
-0.669747756240012
-0.739066853586583
0.141012760177338
0.0844666873237784
-0.399068535740508
0.667836446066516
-0.425264629176391
0.706200517710576
~
-0.672719461914931
-1.64970329260318
-0.680035202860433
-1.4556653889577
-0.669030095742807
-0.737741824080751
0.140606271757486
0.0861124053077009
-0.397660054998928
0.667420563667277
-0.425143147654279
0.711642255118451
~
-0.672366186083111
-1.67045418907256
-0.679224994949892
-1.47754561798421
-0.667722249854375
-0.746586817382538
0.136627007854952
0.0910436378301154
-0.393435948909156
0.674578191326145
-0.421211126146284
0.719688279955138
~
-0.672782308161968
-1.66065463754388
-0.678515838482631
-1.47150864528502
-0.669073973076015
-0.743798514547453
0.124297726989431
0.0564658627807116
-0.395313416982072
0.67345300510464
-0.43972029186782
0.747474761886366
~
-0.674606819299934
-1.66349760331824
-0.679868641185219
-1.47359481994431
-0.671593977493809
-0.744222600014774
0.133624723728986
0.0765205073167584
-0.397413620004952
0.677836746839596
-0.437219731831898
0.745925484152307
~
-0.675696322826837
-1.66812747057592
-0.68063686698827
-1.47805375769857
-0.672292597855607
-0.748101663342277
0.122291733275647
0.0592979280817953
-0.398276237938036
0.677608482229348
-0.423873069652736
0.717287261996051
~
-0.675422939818678
-1.66180128173452
-0.679920562849702
-1.47268752099803
-0.671638879782107
-0.745975363667068
0.127223694703814
0.0754244268617227
-0.398729379423156
0.673444803233096
-0.417465162675873
0.706979338034902
~
-0.677502953342548
-1.66566271919835
-0.681945952717091
-1.47619651589803
-0.673877110009436
-0.747593180102937
-0.0347251680725793
0.239713137459214
-0.417958511790959
0.699813442717176
-0.42149190918807
0.717110462534253
~
-0.6797618125748
-1.67338769359111
-0.683611841688614
-1.48304265584376
-0.6759343526607
-0.748940365068366
0.146153767449971
0.097555688184793
-0.401066372312499
0.684309281776845
-0.422751688471217
0.72600251589996
~
-0.683248523692539
-1.68508507806708
-0.685874382838608
-1.4935944855443
-0.679383273885871
-0.755253196328495
0.138881233519028
0.100806667621084
-0.401074145546319
0.691133880400958
-0.433930347389754
0.758131358012211
~
-0.683778357576312
-1.68282393548567
-0.686179944243821
-1.49154671149006
-0.679824708059579
-0.753003077179249
0.139682803032279
0.101443049601555
-0.400417205763021
0.691093959326621
-0.432687047712444
0.755194359145101
~
-0.685796710538798
-1.67449984657814
-0.690865783475989
-1.46083174633415
-0.680957535110353
-0.752599903375559
0.140130052460477
0.101536170667868
-0.400930484610624
0.691355360248703
-0.436627551015111
0.761190906796847
~
-0.683195793257551
-1.67049705072471
-0.688465134838741
-1.45441263016085
-0.679361270633429
-0.750525597607181
0.142006798904872
0.10286667951012
-0.397949967303463
0.690749187729284
-0.432134440935558
0.756994814185061
~
-0.680884330029333
-1.66676844415288
-0.690148698310241
-1.4165243491393
-0.675913782434628
-0.748658625188775
0.140583886012466
0.0763003353285769
-0.393265416236052
0.687626461481278
-0.434873820078156
0.764518251508589
~
-0.67977031819136
-1.66201139879175
-0.686097767435942
-1.43785982343207
-0.674016986116603
-0.745943370534254
0.142436865147435
0.0847361751268477
-0.39211320323215
0.68727596800644
-0.437269195296828
0.770722221982472
~
-0.68033920748449
-1.66261818843454
-0.683615414275448
-1.46272755854087
-0.674752140207066
-0.745893809829285
0.143543045569854
0.0890880023131498
-0.392496011233597
0.687259813678779
-0.44160050661696
0.775988010960045
~
-0.684116202848492
-1.67408653983774
-0.685959167938627
-1.47793796108401
-0.678456673821574
-0.751339401597726
0.142931904259219
0.0922043695394651
-0.394493283981625
0.692144902878968
-0.443531842555641
0.782190593631087
~
-0.681610671286897
-1.66612410645735
-0.684226209481692
-1.46462246760502
-0.676506220232422
-0.747604995135731
0.144598674642213
0.0953169670167099
-0.392930583263814
0.691335492405579
-0.444077890306005
0.783366804437624
~
----